INSTRUMENT,SYMBOL,EXPIRY_DT,STRIKE_PR,OPTION_TYP,OPEN,HIGH,LOW,CLOSE,SETTLE_PR,CONTRACTS,VAL_INLAKH,OPEN_INT,CHG_IN_OI,TIMESTAMP,
FUTIDX,BANKNIFTY,24-Feb-2022,0,XX,37430,38059.45,37174.3,37656.9,37656.9,193174,1819452.5,1544925,-165700,21-FEB-2022,
FUTIDX,BANKNIFTY,31-Mar-2022,0,XX,37584.55,38190,37330.4,37804.65,37804.65,43599,412209.82,645400,238875,21-FEB-2022,
FUTIDX,BANKNIFTY,28-Apr-2022,0,XX,37744.65,38350,37498,37961.55,37961.55,2953,28034.06,69150,4450,21-FEB-2022,
FUTIDX,NIFTY,24-Feb-2022,0,XX,17206.2,17354,17081,17205.2,17205.2,239649,2063261.81,9536850,-743650,21-FEB-2022,
FUTIDX,NIFTY,31-Mar-2022,0,XX,17251.65,17400,17135.2,17253.5,17253.5,58645,506493.76,2611350,539800,21-FEB-2022,
FUTIDX,NIFTY,28-Apr-2022,0,XX,17311,17450,17195.05,17313.85,17313.85,5414,46881.78,423200,12300,21-FEB-2022,
OPTIDX,BANKNIFTY,24-Feb-2022,30400,CE,7023.45,7345.75,7023.45,7345.75,7295.75,2,18.79,275,25,21-FEB-2022,
OPTIDX,BANKNIFTY,24-Feb-2022,30500,CE,6780,7410.6,6763.85,7214.9,7195.75,15,141.06,10750,0,21-FEB-2022,
OPTIDX,BANKNIFTY,24-Feb-2022,30600,CE,0,0,0,4465.6,7095.8,0,0,0,0,21-FEB-2022,
OPTIDX,BANKNIFTY,24-Feb-2022,30700,CE,0,0,0,4385.65,6995.85,0,0,0,0,21-FEB-2022,
OPTIDX,BANKNIFTY,24-Feb-2022,30800,CE,0,0,0,4306.4,6895.85,0,0,0,0,21-FEB-2022,
OPTIDX,BANKNIFTY,24-Feb-2022,30900,CE,0,0,0,4227.85,6795.9,0,0,0,0,21-FEB-2022,
OPTIDX,BANKNIFTY,24-Feb-2022,31000,CE,6322.9,7030,6232.75,6880,6695.95,32,301.33,5900,-200,21-FEB-2022,
OPTIDX,BANKNIFTY,24-Feb-2022,31100,CE,0,0,0,4072.75,6595.95,0,0,0,0,21-FEB-2022,
OPTIDX,BANKNIFTY,24-Feb-2022,31200,CE,0,0,0,3996.3,6496,0,0,0,0,21-FEB-2022,
OPTIDX,BANKNIFTY,24-Feb-2022,31300,CE,0,0,0,3920.6,6396.05,0,0,0,0,21-FEB-2022,
OPTIDX,BANKNIFTY,24-Feb-2022,31400,CE,0,0,0,3845.6,6296.05,0,0,0,0,21-FEB-2022,
OPTIDX,BANKNIFTY,24-Feb-2022,31500,CE,0,0,0,6060,6196.1,0,0,1950,0,21-FEB-2022,
OPTIDX,BANKNIFTY,24-Feb-2022,31600,CE,0,0,0,4664.4,6096.15,0,0,0,0,21-FEB-2022,
OPTIDX,BANKNIFTY,24-Feb-2022,31700,CE,0,0,0,4881.75,5996.15,0,0,0,0,21-FEB-2022,
OPTIDX,BANKNIFTY,24-Feb-2022,31800,CE,0,0,0,4805.4,5896.2,0,0,0,0,21-FEB-2022,
OPTIDX,BANKNIFTY,24-Feb-2022,31900,CE,0,0,0,4729.7,5796.25,0,0,0,0,21-FEB-2022,
OPTIDX,BANKNIFTY,24-Feb-2022,32000,CE,5541.1,5735.9,5193.45,5733.45,5696.25,39,365.3,4500,-350,21-FEB-2022,
OPTIDX,BANKNIFTY,24-Feb-2022,32100,CE,0,0,0,4857.55,5596.3,0,0,0,0,21-FEB-2022,
OPTIDX,BANKNIFTY,24-Feb-2022,32200,CE,0,0,0,4781.95,5496.35,0,0,0,0,21-FEB-2022,
OPTIDX,BANKNIFTY,24-Feb-2022,32300,CE,0,0,0,4706.95,5396.35,0,0,0,0,21-FEB-2022,
OPTIDX,BANKNIFTY,24-Feb-2022,32400,CE,0,0,0,4632.55,5296.4,0,0,0,0,21-FEB-2022,
OPTIDX,BANKNIFTY,24-Feb-2022,32500,CE,5172.25,5172.25,5170.65,5171.65,5196.45,3,28.25,900,0,21-FEB-2022,
OPTIDX,BANKNIFTY,24-Feb-2022,32600,CE,0,0,0,4486.85,5096.45,0,0,0,0,21-FEB-2022,
OPTIDX,BANKNIFTY,24-Feb-2022,32700,CE,0,0,0,4414.3,4996.5,0,0,0,0,21-FEB-2022,
OPTIDX,BANKNIFTY,24-Feb-2022,32800,CE,0,0,0,4673.45,4896.55,0,0,25,0,21-FEB-2022,
OPTIDX,BANKNIFTY,24-Feb-2022,32900,CE,0,0,0,4271.15,4796.55,0,0,0,0,21-FEB-2022,
OPTIDX,BANKNIFTY,24-Feb-2022,33000,CE,4400,4930,4300,4669.8,4669.8,52,487.66,6850,75,21-FEB-2022,
OPTIDX,BANKNIFTY,24-Feb-2022,33100,CE,0,0,0,4130.6,4596.65,0,0,0,0,21-FEB-2022,
OPTIDX,BANKNIFTY,24-Feb-2022,33200,CE,0,0,0,4470.1,4496.65,0,0,25,0,21-FEB-2022,
OPTIDX,BANKNIFTY,24-Feb-2022,33300,CE,0,0,0,4240.5,4396.7,0,0,25,0,21-FEB-2022,
OPTIDX,BANKNIFTY,24-Feb-2022,33400,CE,0,0,0,4535.65,4296.75,0,0,25,0,21-FEB-2022,
OPTIDX,BANKNIFTY,24-Feb-2022,33500,CE,3829.05,4111.85,3829.05,4111.85,4196.75,5,46.78,1000,75,21-FEB-2022,
OPTIDX,BANKNIFTY,24-Feb-2022,33600,CE,0,0,0,3924.4,4096.8,0,0,25,0,21-FEB-2022,
OPTIDX,BANKNIFTY,24-Feb-2022,33700,CE,0,0,0,3945,3996.85,0,0,0,0,21-FEB-2022,
OPTIDX,BANKNIFTY,24-Feb-2022,33800,CE,4064.7,4340.8,4064.7,4340.8,3896.9,2,19,25,25,21-FEB-2022,
OPTIDX,BANKNIFTY,24-Feb-2022,33900,CE,0,0,0,4200,3796.9,0,0,100,0,21-FEB-2022,
OPTIDX,BANKNIFTY,24-Feb-2022,34000,CE,3321.15,4013.95,3252.4,3755,3696.95,304,2861.5,6700,-2175,21-FEB-2022,
OPTIDX,BANKNIFTY,24-Feb-2022,34100,CE,0,0,0,3514,3597,0,0,50,0,21-FEB-2022,
OPTIDX,BANKNIFTY,24-Feb-2022,34200,CE,0,0,0,3403.1,3497.05,0,0,25,0,21-FEB-2022,
OPTIDX,BANKNIFTY,24-Feb-2022,34300,CE,0,0,0,3368.95,3397.1,0,0,25,0,21-FEB-2022,
OPTIDX,BANKNIFTY,24-Feb-2022,34400,CE,0,0,0,3000.7,3297.2,0,0,100,0,21-FEB-2022,
OPTIDX,BANKNIFTY,24-Feb-2022,34500,CE,3020,3561.5,2807,3237.1,3197.3,62,583.02,3175,-500,21-FEB-2022,
OPTIDX,BANKNIFTY,24-Feb-2022,34600,CE,0,0,0,3161,3097.4,0,0,25,0,21-FEB-2022,
OPTIDX,BANKNIFTY,24-Feb-2022,34700,CE,0,0,0,2949.6,2997.6,0,0,25,0,21-FEB-2022,
OPTIDX,BANKNIFTY,24-Feb-2022,34800,CE,2964.85,3058.4,2847.2,2847.2,2897.8,4,37.78,200,-100,21-FEB-2022,
OPTIDX,BANKNIFTY,24-Feb-2022,34900,CE,0,0,0,3000,2798.1,0,0,50,0,21-FEB-2022,
OPTIDX,BANKNIFTY,24-Feb-2022,35000,CE,2598.35,3001,2229.2,2684.1,2684.1,599,5622.76,13500,-2100,21-FEB-2022,
OPTIDX,BANKNIFTY,24-Feb-2022,35100,CE,0,0,0,2316.6,2598.95,0,0,225,0,21-FEB-2022,
OPTIDX,BANKNIFTY,24-Feb-2022,35200,CE,0,0,0,2262.2,2499.6,0,0,125,0,21-FEB-2022,
OPTIDX,BANKNIFTY,24-Feb-2022,35300,CE,2269.25,2270.8,2269.25,2270.8,2400.45,2,18.78,375,0,21-FEB-2022,
OPTIDX,BANKNIFTY,24-Feb-2022,35400,CE,0,0,0,2218,2301.6,0,0,650,0,21-FEB-2022,
OPTIDX,BANKNIFTY,24-Feb-2022,35500,CE,2099.7,2560.6,1764.95,2204.15,2204.15,222,2091.87,26625,625,21-FEB-2022,
OPTIDX,BANKNIFTY,24-Feb-2022,35600,CE,1703.2,2201.7,1703.2,2184.8,2104.85,9,84.34,200,25,21-FEB-2022,
OPTIDX,BANKNIFTY,24-Feb-2022,35700,CE,1922.45,1922.45,1691.7,1739.45,2007.2,12,112.46,1275,25,21-FEB-2022,
OPTIDX,BANKNIFTY,24-Feb-2022,35800,CE,1805.25,2186.95,1531.6,1942.25,1942.25,17,159.77,575,50,21-FEB-2022,
OPTIDX,BANKNIFTY,24-Feb-2022,35900,CE,1565,1918.2,1476.5,1838.75,1838.75,11,103.31,1550,75,21-FEB-2022,
OPTIDX,BANKNIFTY,24-Feb-2022,36000,CE,1579.6,2105.65,1332,1722.4,1722.4,5670,53408.51,63450,-15925,21-FEB-2022,
OPTIDX,BANKNIFTY,24-Feb-2022,36100,CE,1406,1879.35,1243,1659.05,1659.05,38,357.84,1300,100,21-FEB-2022,
OPTIDX,BANKNIFTY,24-Feb-2022,36200,CE,1470.7,1892.3,1162.65,1534.05,1530.9,248,2337.09,2300,-250,21-FEB-2022,
OPTIDX,BANKNIFTY,24-Feb-2022,36300,CE,1249.65,1755.8,1104.3,1448.35,1448.35,188,1764.04,1950,-25,21-FEB-2022,
OPTIDX,BANKNIFTY,24-Feb-2022,36400,CE,1293.55,1712.5,1006.45,1371.35,1371.35,463,4357.66,3400,125,21-FEB-2022,
OPTIDX,BANKNIFTY,24-Feb-2022,36500,CE,1155.6,1642,921.6,1288.2,1288.2,16635,156949.77,70800,24075,21-FEB-2022,
OPTIDX,BANKNIFTY,24-Feb-2022,36600,CE,1063.8,1542.3,852.65,1204.25,1204.25,1544,14540,12225,300,21-FEB-2022,
OPTIDX,BANKNIFTY,24-Feb-2022,36700,CE,1073.55,1453.1,778,1120.8,1120.8,2232,21049.39,9400,-1750,21-FEB-2022,
OPTIDX,BANKNIFTY,24-Feb-2022,36800,CE,911.9,1369.8,710,1019.55,1019.55,5902,55614.03,22625,800,21-FEB-2022,
OPTIDX,BANKNIFTY,24-Feb-2022,36900,CE,865.85,1284.25,644.55,934.95,934.95,12443,117425.66,21450,5700,21-FEB-2022,
OPTIDX,BANKNIFTY,24-Feb-2022,37000,CE,799.9,1206,580.15,871.85,871.85,213865,2021336.22,222900,-7500,21-FEB-2022,
OPTIDX,BANKNIFTY,24-Feb-2022,37100,CE,729.65,1125.95,520,781.2,781.2,59678,563726.93,29325,10600,21-FEB-2022,
OPTIDX,BANKNIFTY,24-Feb-2022,37200,CE,667.55,1039.8,465,714.65,714.65,221634,2095212.64,83225,33200,21-FEB-2022,
OPTIDX,BANKNIFTY,24-Feb-2022,37300,CE,570,960,413.35,644.2,644.2,356262,3373231.12,102525,27850,21-FEB-2022,
OPTIDX,BANKNIFTY,24-Feb-2022,37400,CE,530.15,882.4,365.8,576.8,576.8,464956,4409235.26,162675,44050,21-FEB-2022,
OPTIDX,BANKNIFTY,24-Feb-2022,37500,CE,401.05,805,320.6,511.95,511.95,1281223,12177806.17,1108200,107275,21-FEB-2022,
OPTIDX,BANKNIFTY,24-Feb-2022,37600,CE,478.65,732.25,281.25,450.05,450.05,654055,6224194.92,302550,-7175,21-FEB-2022,
OPTIDX,BANKNIFTY,24-Feb-2022,37700,CE,279,664.2,245,396.65,396.65,889573,8483025.17,475500,-42025,21-FEB-2022,
OPTIDX,BANKNIFTY,24-Feb-2022,37800,CE,381.75,595.75,211.95,344.1,344.1,1038134,9916686.4,505325,75800,21-FEB-2022,
OPTIDX,BANKNIFTY,24-Feb-2022,37900,CE,221.05,530,182.2,295.6,295.6,823296,7879582.34,478525,192650,21-FEB-2022,
OPTIDX,BANKNIFTY,24-Feb-2022,38000,CE,259.95,470,155.05,252.25,252.25,2343254,22454267.71,1552125,107400,21-FEB-2022,
OPTIDX,BANKNIFTY,24-Feb-2022,38100,CE,224.4,415,132.35,213.5,213.5,579692,5563399.35,434950,217425,21-FEB-2022,
OPTIDX,BANKNIFTY,24-Feb-2022,38200,CE,206.85,363.6,111.9,178.5,178.5,917392,8817179.99,840025,426700,21-FEB-2022,
OPTIDX,BANKNIFTY,24-Feb-2022,38300,CE,178.25,316,94.15,148.35,148.35,545335,5249878.34,412750,109025,21-FEB-2022,
OPTIDX,BANKNIFTY,24-Feb-2022,38400,CE,149.3,273.85,79.05,120.5,120.5,452365,4361813.75,291650,51875,21-FEB-2022,
OPTIDX,BANKNIFTY,24-Feb-2022,38500,CE,120.95,233.85,65.95,97.55,97.55,1519406,14679224.82,1634300,213425,21-FEB-2022,
OPTIDX,BANKNIFTY,24-Feb-2022,38600,CE,110.1,198.8,55.5,79.15,79.15,388055,3756269.56,276975,39475,21-FEB-2022,
OPTIDX,BANKNIFTY,24-Feb-2022,38700,CE,26.1,167.65,26.1,63.55,63.55,409892,3975681.5,485275,57225,21-FEB-2022,
OPTIDX,BANKNIFTY,24-Feb-2022,38800,CE,84,140.6,38.25,50.35,50.35,465243,4522278.47,357675,88100,21-FEB-2022,
OPTIDX,BANKNIFTY,24-Feb-2022,38900,CE,74,116.8,20.05,39.8,39.8,343860,3349974.72,247475,54725,21-FEB-2022,
OPTIDX,BANKNIFTY,24-Feb-2022,39000,CE,55,96.9,26.3,31.65,31.65,1349745,13178836.19,1896725,374950,21-FEB-2022,
OPTIDX,BANKNIFTY,24-Feb-2022,39100,CE,44.65,79.55,21.65,24.5,24.5,266820,2611158.9,346000,164725,21-FEB-2022,
OPTIDX,BANKNIFTY,24-Feb-2022,39200,CE,33.75,64.85,17,20,20,299115,2934022.61,423900,144050,21-FEB-2022,
OPTIDX,BANKNIFTY,24-Feb-2022,39300,CE,26,52.9,14.55,16.35,16.35,256614,2523073.95,370975,158975,21-FEB-2022,
OPTIDX,BANKNIFTY,24-Feb-2022,39400,CE,5.25,43.2,5.25,13.3,13.3,202806,1998811.28,317125,158825,21-FEB-2022,
OPTIDX,BANKNIFTY,24-Feb-2022,39500,CE,24,35.6,10.25,11.7,11.7,650889,6430815.41,1433175,267375,21-FEB-2022,
OPTIDX,BANKNIFTY,24-Feb-2022,39600,CE,22.05,29.25,8.05,10.05,10.05,167856,1662490.89,239950,84650,21-FEB-2022,
OPTIDX,BANKNIFTY,24-Feb-2022,39700,CE,14.8,24.4,7.2,9.25,9.25,152827,1517363.51,269750,110475,21-FEB-2022,
OPTIDX,BANKNIFTY,24-Feb-2022,39800,CE,12.15,20.6,6.35,8.05,8.05,153047,1523283.82,318900,46975,21-FEB-2022,
OPTIDX,BANKNIFTY,24-Feb-2022,39900,CE,10.3,17.5,6.4,7.4,7.4,94576,943661.51,150075,26625,21-FEB-2022,
OPTIDX,BANKNIFTY,24-Feb-2022,40000,CE,9.85,15.1,5.55,6.7,6.7,532894,5330231.05,1740000,232425,21-FEB-2022,
OPTIDX,BANKNIFTY,24-Feb-2022,40100,CE,8.85,13.25,5.55,6.3,6.3,80665,808843.2,163325,51425,21-FEB-2022,
OPTIDX,BANKNIFTY,24-Feb-2022,40200,CE,9,11.6,4.6,5.65,5.65,73085,734647.77,157400,25275,21-FEB-2022,
OPTIDX,BANKNIFTY,24-Feb-2022,40300,CE,5.6,10.4,4.95,5.5,5.5,77308,779016.43,303600,-5825,21-FEB-2022,
OPTIDX,BANKNIFTY,24-Feb-2022,40400,CE,5.05,9.2,4.7,5.2,5.2,45596,460593.7,97950,28650,21-FEB-2022,
OPTIDX,BANKNIFTY,24-Feb-2022,40500,CE,6.8,8.1,4.25,4.75,4.75,274902,2783783.29,717700,23550,21-FEB-2022,
OPTIDX,BANKNIFTY,24-Feb-2022,40600,CE,6.25,7.3,4,4.5,4.5,32070,325554.15,119775,10800,21-FEB-2022,
OPTIDX,BANKNIFTY,24-Feb-2022,40700,CE,6.15,6.7,3.95,4.45,4.45,26386,268511.78,52925,-34075,21-FEB-2022,
OPTIDX,BANKNIFTY,24-Feb-2022,40800,CE,9.8,9.8,3.75,4.1,4.1,28672,292489.11,108750,20825,21-FEB-2022,
OPTIDX,BANKNIFTY,24-Feb-2022,40900,CE,5.55,5.8,3.8,4.1,4.1,19599,200423.25,33725,-5425,21-FEB-2022,
OPTIDX,BANKNIFTY,24-Feb-2022,41000,CE,5.7,6.05,3.65,3.9,3.9,179935,1844537.05,971975,-8425,21-FEB-2022,
OPTIDX,BANKNIFTY,24-Feb-2022,41100,CE,4.9,5.4,3.05,3.9,3.9,12475,128194.12,24325,3625,21-FEB-2022,
OPTIDX,BANKNIFTY,24-Feb-2022,41200,CE,4.65,5.1,3.5,3.75,3.75,11501,118472.15,30025,-7300,21-FEB-2022,
OPTIDX,BANKNIFTY,24-Feb-2022,41300,CE,4.8,4.9,3.35,3.6,3.6,12169,125657.04,25525,-13175,21-FEB-2022,
OPTIDX,BANKNIFTY,24-Feb-2022,41400,CE,3,4.85,2.4,3.4,3.4,9491,98240.81,21275,8325,21-FEB-2022,
OPTIDX,BANKNIFTY,24-Feb-2022,41500,CE,4.4,4.7,2.95,3.25,3.25,80970,840138.28,346775,-13375,21-FEB-2022,
OPTIDX,BANKNIFTY,24-Feb-2022,41600,CE,4.75,4.85,3,3.35,3.35,5366,55811.18,16150,2825,21-FEB-2022,
OPTIDX,BANKNIFTY,24-Feb-2022,41700,CE,2.3,4.4,2.3,3.25,3.25,2867,29890.96,12925,850,21-FEB-2022,
OPTIDX,BANKNIFTY,24-Feb-2022,41800,CE,3.85,4.3,2.75,3.15,3.15,2706,28279.98,17400,425,21-FEB-2022,
OPTIDX,BANKNIFTY,24-Feb-2022,41900,CE,3.85,4.1,2.45,3.05,3.05,3393,35544.34,20000,1925,21-FEB-2022,
OPTIDX,BANKNIFTY,24-Feb-2022,42000,CE,3.7,4.65,2.6,2.85,2.85,85565,898498.35,607925,-72550,21-FEB-2022,
OPTIDX,BANKNIFTY,24-Feb-2022,42100,CE,3.85,3.85,2.6,2.9,2.9,2155,22682.98,8625,1575,21-FEB-2022,
OPTIDX,BANKNIFTY,24-Feb-2022,42200,CE,3.5,3.85,2.3,2.85,2.85,2042,21544.66,6400,-5550,21-FEB-2022,
OPTIDX,BANKNIFTY,24-Feb-2022,42300,CE,3.6,3.75,2.3,2.8,2.8,1339,14160.89,5475,900,21-FEB-2022,
OPTIDX,BANKNIFTY,24-Feb-2022,42400,CE,3.1,3.65,2.35,2.75,2.75,2123,22505.32,9725,1625,21-FEB-2022,
OPTIDX,BANKNIFTY,24-Feb-2022,42500,CE,3.4,3.85,2.4,2.7,2.7,42957,456449.15,194750,-16125,21-FEB-2022,
OPTIDX,BANKNIFTY,24-Feb-2022,42600,CE,3.45,3.75,2.25,2.65,2.65,2044,21769.95,5725,-625,21-FEB-2022,
OPTIDX,BANKNIFTY,24-Feb-2022,42700,CE,2.5,3.45,2.2,2.7,2.7,3405,36350.7,28100,-6050,21-FEB-2022,
OPTIDX,BANKNIFTY,24-Feb-2022,42800,CE,3.2,3.35,1.95,2.55,2.55,8222,87980.29,18950,14050,21-FEB-2022,
OPTIDX,BANKNIFTY,24-Feb-2022,42900,CE,3.15,3.45,2.1,2.55,2.55,5850,62744.79,10325,375,21-FEB-2022,
OPTIDX,BANKNIFTY,24-Feb-2022,43000,CE,2.9,3.3,1.95,2.55,2.55,119764,1287535.92,602650,40125,21-FEB-2022,
OPTIDX,BANKNIFTY,24-Feb-2022,43100,CE,3.35,3.45,2,2.4,2.4,9656,104049.02,54350,2650,21-FEB-2022,
OPTIDX,BANKNIFTY,24-Feb-2022,43200,CE,3.1,3.4,2,2.45,2.45,7896,85281.47,75100,7075,21-FEB-2022,
OPTIDX,BANKNIFTY,24-Feb-2022,43300,CE,3.05,3.15,1.95,2.35,2.35,47081,509680.33,388450,24925,21-FEB-2022,
OPTIDX,BANKNIFTY,24-Feb-2022,30400,PE,3.95,4.95,2.7,3.25,3.25,191279,1453897.82,409825,69550,21-FEB-2022,
OPTIDX,BANKNIFTY,24-Feb-2022,30500,PE,4.2,4.95,2.95,3.7,3.7,124223,947321.91,356600,101125,21-FEB-2022,
OPTIDX,BANKNIFTY,24-Feb-2022,30600,PE,5.3,6,3.25,4,4,26263,200940.92,18350,15525,21-FEB-2022,
OPTIDX,BANKNIFTY,24-Feb-2022,30700,PE,0,0,0,423.45,0,0,0,0,0,21-FEB-2022,
OPTIDX,BANKNIFTY,24-Feb-2022,30800,PE,0,0,0,443.5,0,0,0,0,0,21-FEB-2022,
OPTIDX,BANKNIFTY,24-Feb-2022,30900,PE,3.05,5.2,3.05,4.55,4.55,7887,60935.47,2125,2125,21-FEB-2022,
OPTIDX,BANKNIFTY,24-Feb-2022,31000,PE,5.15,6.6,3.45,4.75,4.75,91981,712958.35,499900,294150,21-FEB-2022,
OPTIDX,BANKNIFTY,24-Feb-2022,31100,PE,5.85,6.5,3.7,5.1,5.1,9340,72630.27,6650,3900,21-FEB-2022,
OPTIDX,BANKNIFTY,24-Feb-2022,31200,PE,0,0,0,530.5,0,0,0,0,0,21-FEB-2022,
OPTIDX,BANKNIFTY,24-Feb-2022,31300,PE,0,0,0,554.05,0,0,0,0,0,21-FEB-2022,
OPTIDX,BANKNIFTY,24-Feb-2022,31400,PE,0,0,0,578.3,0,0,0,0,0,21-FEB-2022,
OPTIDX,BANKNIFTY,24-Feb-2022,31500,PE,6,6.6,4,5.4,5.4,76492,602474.06,351575,178425,21-FEB-2022,
OPTIDX,BANKNIFTY,24-Feb-2022,31600,PE,0,0,0,412.85,0,0,0,0,0,21-FEB-2022,
OPTIDX,BANKNIFTY,24-Feb-2022,31700,PE,6.15,9.8,4.05,5.45,5.45,3137,24865,9850,150,21-FEB-2022,
OPTIDX,BANKNIFTY,24-Feb-2022,31800,PE,0,0,0,614.8,0,0,0,0,0,21-FEB-2022,
OPTIDX,BANKNIFTY,24-Feb-2022,31900,PE,0,0,0,9.4,0,0,0,200,0,21-FEB-2022,
OPTIDX,BANKNIFTY,24-Feb-2022,32000,PE,8.9,8.9,4.7,6,6,100135,801228.52,519875,258975,21-FEB-2022,
OPTIDX,BANKNIFTY,24-Feb-2022,32100,PE,0,0,0,627.05,0,0,0,0,0,21-FEB-2022,
OPTIDX,BANKNIFTY,24-Feb-2022,32200,PE,0,0,0,650.5,0,0,0,0,0,21-FEB-2022,
OPTIDX,BANKNIFTY,24-Feb-2022,32300,PE,7.65,8.95,4.65,6.45,6.45,4801,38775.86,3600,3300,21-FEB-2022,
OPTIDX,BANKNIFTY,24-Feb-2022,32400,PE,7,9.5,5.25,6.8,6.8,4148,33605.75,6650,6625,21-FEB-2022,
OPTIDX,BANKNIFTY,24-Feb-2022,32500,PE,9.9,10.8,5.4,6.9,6.9,96300,782603.75,280900,74125,21-FEB-2022,
OPTIDX,BANKNIFTY,24-Feb-2022,32600,PE,10.05,11,5.75,6.9,6.9,5367,43751.11,16025,925,21-FEB-2022,
OPTIDX,BANKNIFTY,24-Feb-2022,32700,PE,11.5,13.3,5.9,7.05,7.05,7414,60623.66,8775,1050,21-FEB-2022,
OPTIDX,BANKNIFTY,24-Feb-2022,32800,PE,12,12.2,6.05,7.05,7.05,6785,55650.41,14700,2000,21-FEB-2022,
OPTIDX,BANKNIFTY,24-Feb-2022,32900,PE,13.95,13.95,6.2,7.25,7.25,7750,63759.27,29325,12225,21-FEB-2022,
OPTIDX,BANKNIFTY,24-Feb-2022,33000,PE,12.45,14.95,6.6,7.75,7.75,179154,1478390.78,630225,188100,21-FEB-2022,
OPTIDX,BANKNIFTY,24-Feb-2022,33100,PE,16,16,6.75,7.9,7.9,9443,78161.78,34575,16000,21-FEB-2022,
OPTIDX,BANKNIFTY,24-Feb-2022,33200,PE,15.2,18,7.1,8.15,8.15,11139,92479.15,45700,27300,21-FEB-2022,
OPTIDX,BANKNIFTY,24-Feb-2022,33300,PE,15.4,17.25,7.1,8.6,8.6,13550,112835.7,39300,20950,21-FEB-2022,
OPTIDX,BANKNIFTY,24-Feb-2022,33400,PE,20.55,20.55,7.6,9.2,9.2,14940,124788.05,24875,-1500,21-FEB-2022,
OPTIDX,BANKNIFTY,24-Feb-2022,33500,PE,20.55,21.9,7.9,9.65,9.65,171520,1436929.05,431050,104150,21-FEB-2022,
OPTIDX,BANKNIFTY,24-Feb-2022,33600,PE,21,22.3,8.35,10.15,10.15,20564,172797.68,36625,-9100,21-FEB-2022,
OPTIDX,BANKNIFTY,24-Feb-2022,33700,PE,23,25,8.9,10.8,10.8,25174,212167.51,32775,6800,21-FEB-2022,
OPTIDX,BANKNIFTY,24-Feb-2022,33800,PE,25,25.9,9.4,11.6,11.6,26805,226589.8,69075,33475,21-FEB-2022,
OPTIDX,BANKNIFTY,24-Feb-2022,33900,PE,26,28.2,9.85,12.1,12.1,25548,216609.69,38225,14200,21-FEB-2022,
OPTIDX,BANKNIFTY,24-Feb-2022,34000,PE,26,30,10.55,13.1,13.1,304060,2585601.42,1163250,280475,21-FEB-2022,
OPTIDX,BANKNIFTY,24-Feb-2022,34100,PE,31,32.45,11.2,13.9,13.9,32067,273501.9,41600,2825,21-FEB-2022,
OPTIDX,BANKNIFTY,24-Feb-2022,34200,PE,32,33.65,11.85,14.7,14.7,36816,314928.18,39525,-700,21-FEB-2022,
OPTIDX,BANKNIFTY,24-Feb-2022,34300,PE,35,35.1,12.5,15.8,15.8,49207,422171.37,50100,9950,21-FEB-2022,
OPTIDX,BANKNIFTY,24-Feb-2022,34400,PE,38,43.3,13.35,16.95,16.95,51367,442008.38,54575,12650,21-FEB-2022,
OPTIDX,BANKNIFTY,24-Feb-2022,34500,PE,31.8,42,14.25,18,18,295033,2546207.08,729375,167725,21-FEB-2022,
OPTIDX,BANKNIFTY,24-Feb-2022,34600,PE,44,53.3,15.35,19.4,19.4,57976,501822.23,66200,17775,21-FEB-2022,
OPTIDX,BANKNIFTY,24-Feb-2022,34700,PE,49,51.35,16.55,21,21,63353,549978.05,72400,21925,21-FEB-2022,
OPTIDX,BANKNIFTY,24-Feb-2022,34800,PE,51,55,17.9,22.85,22.85,82984,722523.17,90375,25725,21-FEB-2022,
OPTIDX,BANKNIFTY,24-Feb-2022,34900,PE,56,61.4,19.45,24.75,24.75,65172,569119.63,74425,37400,21-FEB-2022,
OPTIDX,BANKNIFTY,24-Feb-2022,35000,PE,68.95,68.95,21.25,27.1,27.1,493666,4323608.14,1127500,295375,21-FEB-2022,
OPTIDX,BANKNIFTY,24-Feb-2022,35100,PE,99.65,99.65,23.1,29.6,29.6,86466,759531.74,75225,34025,21-FEB-2022,
OPTIDX,BANKNIFTY,24-Feb-2022,35200,PE,72,77.55,25.2,32,32,107538,947398.22,165250,99450,21-FEB-2022,
OPTIDX,BANKNIFTY,24-Feb-2022,35300,PE,126.3,126.3,27.4,35.15,35.15,106839,943991.04,105900,-76800,21-FEB-2022,
OPTIDX,BANKNIFTY,24-Feb-2022,35400,PE,85.05,92.2,30.05,38.7,38.7,111616,989095.98,165650,76975,21-FEB-2022,
OPTIDX,BANKNIFTY,24-Feb-2022,35500,PE,93.75,101,33.25,43,43,462834,4113775.54,1217825,242075,21-FEB-2022,
OPTIDX,BANKNIFTY,24-Feb-2022,35600,PE,114.25,154,36.55,47.15,47.15,133752,1192272.5,152400,49775,21-FEB-2022,
OPTIDX,BANKNIFTY,24-Feb-2022,35700,PE,110,130.95,40.25,52.25,52.25,142351,1272795.91,155925,44600,21-FEB-2022,
OPTIDX,BANKNIFTY,24-Feb-2022,35800,PE,121,138.25,44.05,58.05,58.05,174609,1565809.04,162750,72100,21-FEB-2022,
OPTIDX,BANKNIFTY,24-Feb-2022,35900,PE,148.8,148.8,48.8,64.3,64.3,148534,1335959.71,164175,88000,21-FEB-2022,
OPTIDX,BANKNIFTY,24-Feb-2022,36000,PE,150,158.85,53.45,71.85,71.85,926642,8359844.21,1321125,219525,21-FEB-2022,
OPTIDX,BANKNIFTY,24-Feb-2022,36100,PE,152.45,170,59.4,80.3,80.3,161253,1459139.9,179125,66675,21-FEB-2022,
OPTIDX,BANKNIFTY,24-Feb-2022,36200,PE,167,189.95,65.4,89.15,89.15,210113,1907199.97,214375,-27175,21-FEB-2022,
OPTIDX,BANKNIFTY,24-Feb-2022,36300,PE,181,207.7,72.25,98.5,98.5,226169,2059188.28,255250,81850,21-FEB-2022,
OPTIDX,BANKNIFTY,24-Feb-2022,36400,PE,215.3,228.75,80.15,109.15,109.15,216746,1979561.48,176725,56300,21-FEB-2022,
OPTIDX,BANKNIFTY,24-Feb-2022,36500,PE,215,253,88.25,121.2,121.2,952853,8729680.43,1148550,406825,21-FEB-2022,
OPTIDX,BANKNIFTY,24-Feb-2022,36600,PE,239.25,278.55,98.1,135.1,135.1,231301,2125760.18,261475,90450,21-FEB-2022,
OPTIDX,BANKNIFTY,24-Feb-2022,36700,PE,265.55,305.9,108.6,149.85,149.85,263314,2427714.85,264975,104700,21-FEB-2022,
OPTIDX,BANKNIFTY,24-Feb-2022,36800,PE,444,444,120.3,166.5,166.5,420619,3890664.83,326500,156275,21-FEB-2022,
OPTIDX,BANKNIFTY,24-Feb-2022,36900,PE,326.6,370,133.5,185.1,185.1,382919,3554406.59,292675,118950,21-FEB-2022,
OPTIDX,BANKNIFTY,24-Feb-2022,37000,PE,375,406.85,147.75,204.95,204.95,1666366,15517644.94,1824325,425000,21-FEB-2022,
OPTIDX,BANKNIFTY,24-Feb-2022,37100,PE,375.85,446.2,164.7,229.3,229.3,523521,4893686.18,494875,256625,21-FEB-2022,
OPTIDX,BANKNIFTY,24-Feb-2022,37200,PE,400.05,488.8,182,254.9,254.9,781384,7328023.39,590425,260450,21-FEB-2022,
OPTIDX,BANKNIFTY,24-Feb-2022,37300,PE,443.2,535,202.05,283.7,283.7,866006,8151700.3,586725,239500,21-FEB-2022,
OPTIDX,BANKNIFTY,24-Feb-2022,37400,PE,481.1,588.75,222.5,316.25,316.25,815531,7701938.14,491725,147575,21-FEB-2022,
OPTIDX,BANKNIFTY,24-Feb-2022,37500,PE,498.4,645.5,246.5,350.25,350.25,1657571,15696671.7,1803250,584025,21-FEB-2022,
OPTIDX,BANKNIFTY,24-Feb-2022,37600,PE,585,702.25,273.75,392.55,392.55,661389,6283768.33,453575,141700,21-FEB-2022,
OPTIDX,BANKNIFTY,24-Feb-2022,37700,PE,576.75,764.9,305.6,434,434,748484,7134056.8,429325,217825,21-FEB-2022,
OPTIDX,BANKNIFTY,24-Feb-2022,37800,PE,660.05,831.85,338.2,482.1,482.1,714659,6834219.52,330675,153875,21-FEB-2022,
OPTIDX,BANKNIFTY,24-Feb-2022,37900,PE,640,902.6,374.75,535.75,535.75,529051,5075201.59,188800,71150,21-FEB-2022,
OPTIDX,BANKNIFTY,24-Feb-2022,38000,PE,950,975.75,413,588.05,588.05,855654,8241953.77,552750,35825,21-FEB-2022,
OPTIDX,BANKNIFTY,24-Feb-2022,38100,PE,746.95,1052,454.6,651.2,651.2,101445,980601.96,80150,36075,21-FEB-2022,
OPTIDX,BANKNIFTY,24-Feb-2022,38200,PE,935.55,1130,506,716.45,716.45,73792,716272.72,75750,23450,21-FEB-2022,
OPTIDX,BANKNIFTY,24-Feb-2022,38300,PE,1009.05,1213,557.15,787.2,787.2,23366,227752.17,44275,8025,21-FEB-2022,
OPTIDX,BANKNIFTY,24-Feb-2022,38400,PE,1250,1291.3,616.1,861.45,861.45,11066,108362.62,23975,625,21-FEB-2022,
OPTIDX,BANKNIFTY,24-Feb-2022,38500,PE,1129.75,1380,676,936.35,936.35,61123,601212.49,240250,-3575,21-FEB-2022,
OPTIDX,BANKNIFTY,24-Feb-2022,38600,PE,1187.4,1460.35,744.05,1017.25,1017.25,3455,34218.93,19000,-3550,21-FEB-2022,
OPTIDX,BANKNIFTY,24-Feb-2022,38700,PE,1332.95,1550.85,823.35,1086.9,1086.9,1022,10142.6,18475,-575,21-FEB-2022,
OPTIDX,BANKNIFTY,24-Feb-2022,38800,PE,1379.4,1636.9,884.45,1176.7,1176.7,1935,19317.41,16075,-1375,21-FEB-2022,
OPTIDX,BANKNIFTY,24-Feb-2022,38900,PE,1464.4,1657.9,975,1299.2,1299.2,570,5715.25,19375,-825,21-FEB-2022,
OPTIDX,BANKNIFTY,24-Feb-2022,39000,PE,1625.8,1846.9,1039.2,1381,1381,19377,195146.88,163375,-23025,21-FEB-2022,
OPTIDX,BANKNIFTY,24-Feb-2022,39100,PE,1767.75,1941,1124.4,1469.65,1469.65,178,1802.52,16525,-575,21-FEB-2022,
OPTIDX,BANKNIFTY,24-Feb-2022,39200,PE,1750,1999,1211.8,1545.7,1545.7,88,896.45,14300,-550,21-FEB-2022,
OPTIDX,BANKNIFTY,24-Feb-2022,39300,PE,1823.15,2015,1363,1634.55,1634.55,51,521.14,15675,-250,21-FEB-2022,
OPTIDX,BANKNIFTY,24-Feb-2022,39400,PE,1516.1,1800,1400,1740,1740,32,327.28,5475,125,21-FEB-2022,
OPTIDX,BANKNIFTY,24-Feb-2022,39500,PE,2084.75,2309.5,1485,1846.35,1846.35,1259,13023.9,141000,-8650,21-FEB-2022,
OPTIDX,BANKNIFTY,24-Feb-2022,39600,PE,2086.4,2343.1,1632.65,1888.2,1917.8,254,2635.61,6150,725,21-FEB-2022,
OPTIDX,BANKNIFTY,24-Feb-2022,39700,PE,2440.6,2440.6,1726.6,2072.25,2014.4,8,83.45,4900,25,21-FEB-2022,
OPTIDX,BANKNIFTY,24-Feb-2022,39800,PE,1935.05,1935.05,1935.05,1935.05,2111.6,1,10.43,4175,0,21-FEB-2022,
OPTIDX,BANKNIFTY,24-Feb-2022,39900,PE,0,0,0,2356.15,2209.35,0,0,3850,0,21-FEB-2022,
OPTIDX,BANKNIFTY,24-Feb-2022,40000,PE,2595.1,2817.95,1961,2365.65,2365.65,829,8767.94,97950,-6325,21-FEB-2022,
OPTIDX,BANKNIFTY,24-Feb-2022,40100,PE,2250.55,2250.55,2250.55,2250.55,2406.05,1,10.58,775,0,21-FEB-2022,
OPTIDX,BANKNIFTY,24-Feb-2022,40200,PE,3005.15,3005.2,2900,2900,2504.9,9,97.06,1275,-25,21-FEB-2022,
OPTIDX,BANKNIFTY,24-Feb-2022,40300,PE,0,0,0,2543.35,2603.95,0,0,1025,0,21-FEB-2022,
OPTIDX,BANKNIFTY,24-Feb-2022,40400,PE,3050,3050,3050,3050,2703.25,1,10.86,425,0,21-FEB-2022,
OPTIDX,BANKNIFTY,24-Feb-2022,40500,PE,2968.8,3273.4,2497.65,2824.15,2824.15,110,1195.09,14575,-1375,21-FEB-2022,
OPTIDX,BANKNIFTY,24-Feb-2022,40600,PE,0,0,0,2173.35,2902.2,0,0,200,0,21-FEB-2022,
OPTIDX,BANKNIFTY,24-Feb-2022,40700,PE,0,0,0,1686.25,3001.85,0,0,25,0,21-FEB-2022,
OPTIDX,BANKNIFTY,24-Feb-2022,40800,PE,0,0,0,3180.4,3101.55,0,0,150,0,21-FEB-2022,
OPTIDX,BANKNIFTY,24-Feb-2022,40900,PE,2938.5,2938.5,2938.5,2938.5,3201.35,1,10.95,100,0,21-FEB-2022,
OPTIDX,BANKNIFTY,24-Feb-2022,41000,PE,3544.25,3785.2,3000,3391.05,3301.15,207,2295.04,127475,-1975,21-FEB-2022,
OPTIDX,BANKNIFTY,24-Feb-2022,41100,PE,0,0,0,1944.35,3401.05,0,0,50,0,21-FEB-2022,
OPTIDX,BANKNIFTY,24-Feb-2022,41200,PE,0,0,0,3678.2,3500.9,0,0,100,0,21-FEB-2022,
OPTIDX,BANKNIFTY,24-Feb-2022,41300,PE,0,0,0,4624.1,3600.8,0,0,0,0,21-FEB-2022,
OPTIDX,BANKNIFTY,24-Feb-2022,41400,PE,0,0,0,2518.25,3700.75,0,0,75,0,21-FEB-2022,
OPTIDX,BANKNIFTY,24-Feb-2022,41500,PE,4300,4300,3584.6,3822.5,3822.5,11,125.07,2000,0,21-FEB-2022,
OPTIDX,BANKNIFTY,24-Feb-2022,41600,PE,4325.4,4325.4,4325.4,4325.4,3900.65,1,11.48,50,0,21-FEB-2022,
OPTIDX,BANKNIFTY,24-Feb-2022,41700,PE,0,0,0,2529.1,4000.6,0,0,75,0,21-FEB-2022,
OPTIDX,BANKNIFTY,24-Feb-2022,41800,PE,0,0,0,3661.9,4100.55,0,0,25,0,21-FEB-2022,
OPTIDX,BANKNIFTY,24-Feb-2022,41900,PE,0,0,0,2621.7,4200.5,0,0,75,0,21-FEB-2022,
OPTIDX,BANKNIFTY,24-Feb-2022,42000,PE,4471.65,4802.9,3963.65,4325.9,4325.9,246,2847.14,108525,-1675,21-FEB-2022,
OPTIDX,BANKNIFTY,24-Feb-2022,42100,PE,0,0,0,4059.25,4400.4,0,0,0,0,21-FEB-2022,
OPTIDX,BANKNIFTY,24-Feb-2022,42200,PE,0,0,0,4030.3,4500.4,0,0,25,0,21-FEB-2022,
OPTIDX,BANKNIFTY,24-Feb-2022,42300,PE,0,0,0,4889.5,4600.35,0,0,50,0,21-FEB-2022,
OPTIDX,BANKNIFTY,24-Feb-2022,42400,PE,0,0,0,4218.2,4700.3,0,0,0,0,21-FEB-2022,
OPTIDX,BANKNIFTY,24-Feb-2022,42500,PE,5020,5222.9,4465,4836.45,4836.45,136,1604.95,7750,-1350,21-FEB-2022,
OPTIDX,BANKNIFTY,24-Feb-2022,42600,PE,5304.55,5304.55,5304.55,5304.55,4900.25,1,11.97,25,25,21-FEB-2022,
OPTIDX,BANKNIFTY,24-Feb-2022,42700,PE,4943.3,4943.35,4943.3,4943.35,4943.35,2,23.82,1425,0,21-FEB-2022,
OPTIDX,BANKNIFTY,24-Feb-2022,42800,PE,5516.3,5516.3,5516.3,5516.3,5100.2,1,12.07,25,25,21-FEB-2022,
OPTIDX,BANKNIFTY,24-Feb-2022,42900,PE,0,0,0,4176.15,5200.15,0,0,25,0,21-FEB-2022,
OPTIDX,BANKNIFTY,24-Feb-2022,43000,PE,5695,5695,5458.25,5458.25,5300.1,4,48.51,150,-25,21-FEB-2022,
OPTIDX,BANKNIFTY,24-Feb-2022,43100,PE,0,0,0,3838.35,5400.1,0,0,0,0,21-FEB-2022,
OPTIDX,BANKNIFTY,24-Feb-2022,43200,PE,0,0,0,3927.5,5500.05,0,0,0,0,21-FEB-2022,
OPTIDX,BANKNIFTY,24-Feb-2022,43300,PE,0,0,0,5496.05,5600,0,0,100,0,21-FEB-2022,
OPTIDX,BANKNIFTY,03-Mar-2022,30900,CE,0,0,0,6900,6819.9,0,0,25,0,21-FEB-2022,
OPTIDX,BANKNIFTY,03-Mar-2022,31000,CE,0,0,0,4513.2,6720,0,0,0,0,21-FEB-2022,
OPTIDX,BANKNIFTY,03-Mar-2022,31100,CE,0,0,0,4433.7,6620.15,0,0,0,0,21-FEB-2022,
OPTIDX,BANKNIFTY,03-Mar-2022,31200,CE,0,0,0,4670.7,6520.25,0,0,0,0,21-FEB-2022,
OPTIDX,BANKNIFTY,03-Mar-2022,31300,CE,0,0,0,4591.15,6420.4,0,0,0,0,21-FEB-2022,
OPTIDX,BANKNIFTY,03-Mar-2022,31400,CE,0,0,0,4512.3,6320.5,0,0,0,0,21-FEB-2022,
OPTIDX,BANKNIFTY,03-Mar-2022,31500,CE,0,0,0,4434.05,6220.65,0,0,0,0,21-FEB-2022,
OPTIDX,BANKNIFTY,03-Mar-2022,31600,CE,0,0,0,4356.5,6120.75,0,0,0,0,21-FEB-2022,
OPTIDX,BANKNIFTY,03-Mar-2022,31700,CE,0,0,0,4279.6,6020.9,0,0,0,0,21-FEB-2022,
OPTIDX,BANKNIFTY,03-Mar-2022,31800,CE,0,0,0,4203.4,5921.05,0,0,0,0,21-FEB-2022,
OPTIDX,BANKNIFTY,03-Mar-2022,31900,CE,0,0,0,4127.9,5821.2,0,0,0,0,21-FEB-2022,
OPTIDX,BANKNIFTY,03-Mar-2022,32000,CE,0,0,0,4053.05,5721.4,0,0,0,0,21-FEB-2022,
OPTIDX,BANKNIFTY,03-Mar-2022,32100,CE,0,0,0,3980.2,5621.55,0,0,0,0,21-FEB-2022,
OPTIDX,BANKNIFTY,03-Mar-2022,32200,CE,0,0,0,3906.75,5521.75,0,0,0,0,21-FEB-2022,
OPTIDX,BANKNIFTY,03-Mar-2022,32300,CE,0,0,0,3833.95,5422,0,0,0,0,21-FEB-2022,
OPTIDX,BANKNIFTY,03-Mar-2022,32400,CE,0,0,0,3761.95,5322.25,0,0,0,0,21-FEB-2022,
OPTIDX,BANKNIFTY,03-Mar-2022,32500,CE,0,0,0,3690.7,5222.5,0,0,0,0,21-FEB-2022,
OPTIDX,BANKNIFTY,03-Mar-2022,32600,CE,0,0,0,3620.15,5122.8,0,0,0,0,21-FEB-2022,
OPTIDX,BANKNIFTY,03-Mar-2022,32700,CE,0,0,0,3549,5023.15,0,0,0,0,21-FEB-2022,
OPTIDX,BANKNIFTY,03-Mar-2022,32800,CE,0,0,0,3480.1,4923.55,0,0,0,0,21-FEB-2022,
OPTIDX,BANKNIFTY,03-Mar-2022,32900,CE,0,0,0,3412,4824.05,0,0,0,0,21-FEB-2022,
OPTIDX,BANKNIFTY,03-Mar-2022,33000,CE,0,0,0,3344.7,4724.55,0,0,0,0,21-FEB-2022,
OPTIDX,BANKNIFTY,03-Mar-2022,33100,CE,0,0,0,3278.15,4625.15,0,0,0,0,21-FEB-2022,
OPTIDX,BANKNIFTY,03-Mar-2022,33200,CE,0,0,0,3212.4,4525.85,0,0,0,0,21-FEB-2022,
OPTIDX,BANKNIFTY,03-Mar-2022,33300,CE,0,0,0,3147.4,4426.65,0,0,0,0,21-FEB-2022,
OPTIDX,BANKNIFTY,03-Mar-2022,33400,CE,0,0,0,3083.25,4327.6,0,0,0,0,21-FEB-2022,
OPTIDX,BANKNIFTY,03-Mar-2022,33500,CE,0,0,0,3019.9,4228.65,0,0,0,0,21-FEB-2022,
OPTIDX,BANKNIFTY,03-Mar-2022,33600,CE,0,0,0,2957.35,4129.9,0,0,0,0,21-FEB-2022,
OPTIDX,BANKNIFTY,03-Mar-2022,33700,CE,0,0,0,2895.6,4031.3,0,0,0,0,21-FEB-2022,
OPTIDX,BANKNIFTY,03-Mar-2022,33800,CE,0,0,0,3853.65,3932.9,0,0,300,0,21-FEB-2022,
OPTIDX,BANKNIFTY,03-Mar-2022,33900,CE,0,0,0,2774.55,3834.75,0,0,0,0,21-FEB-2022,
OPTIDX,BANKNIFTY,03-Mar-2022,34000,CE,0,0,0,2715.25,3736.9,0,0,0,0,21-FEB-2022,
OPTIDX,BANKNIFTY,03-Mar-2022,34100,CE,0,0,0,3567.95,3639.3,0,0,300,0,21-FEB-2022,
OPTIDX,BANKNIFTY,03-Mar-2022,34200,CE,0,0,0,2599.1,3542.1,0,0,0,0,21-FEB-2022,
OPTIDX,BANKNIFTY,03-Mar-2022,34300,CE,0,0,0,2542.25,3445.2,0,0,0,0,21-FEB-2022,
OPTIDX,BANKNIFTY,03-Mar-2022,34400,CE,0,0,0,2486.2,3348.75,0,0,0,0,21-FEB-2022,
OPTIDX,BANKNIFTY,03-Mar-2022,34500,CE,0,0,0,3257.9,3252.75,0,0,25,0,21-FEB-2022,
OPTIDX,BANKNIFTY,03-Mar-2022,34600,CE,0,0,0,2376.65,3157.3,0,0,0,0,21-FEB-2022,
OPTIDX,BANKNIFTY,03-Mar-2022,34700,CE,0,0,0,2323.1,3062.35,0,0,0,0,21-FEB-2022,
OPTIDX,BANKNIFTY,03-Mar-2022,34800,CE,0,0,0,2911.1,2968.05,0,0,100,0,21-FEB-2022,
OPTIDX,BANKNIFTY,03-Mar-2022,34900,CE,0,0,0,2218.45,2874.35,0,0,0,0,21-FEB-2022,
OPTIDX,BANKNIFTY,03-Mar-2022,35000,CE,2898,2898,2782.1,2817.75,2817.75,11,104.15,225,-150,21-FEB-2022,
OPTIDX,BANKNIFTY,03-Mar-2022,35100,CE,0,0,0,2117.1,2689.3,0,0,0,0,21-FEB-2022,
OPTIDX,BANKNIFTY,03-Mar-2022,35200,CE,0,0,0,2067.5,2597.95,0,0,0,0,21-FEB-2022,
OPTIDX,BANKNIFTY,03-Mar-2022,35300,CE,0,0,0,2018.85,2507.55,0,0,0,0,21-FEB-2022,
OPTIDX,BANKNIFTY,03-Mar-2022,35400,CE,2124.65,2124.65,2050.65,2050.65,2418.1,2,18.74,50,50,21-FEB-2022,
OPTIDX,BANKNIFTY,03-Mar-2022,35500,CE,2042,2698,2042,2408,2329.75,7,66.24,150,-125,21-FEB-2022,
OPTIDX,BANKNIFTY,03-Mar-2022,35600,CE,0,0,0,2164.25,2242.45,0,0,0,0,21-FEB-2022,
OPTIDX,BANKNIFTY,03-Mar-2022,35700,CE,2105.8,2247.75,2105.8,2247.75,2156.35,4,37.87,25,0,21-FEB-2022,
OPTIDX,BANKNIFTY,03-Mar-2022,35800,CE,1961.65,2085.1,1961.65,2085.1,2071.5,4,37.82,0,0,21-FEB-2022,
OPTIDX,BANKNIFTY,03-Mar-2022,35900,CE,1934.4,2091.9,1678.65,2091.9,1987.95,5,47.3,25,25,21-FEB-2022,
OPTIDX,BANKNIFTY,03-Mar-2022,36000,CE,1648,2178.9,1598,1948.25,1948.25,132,1250.9,3250,1775,21-FEB-2022,
OPTIDX,BANKNIFTY,03-Mar-2022,36100,CE,2102.15,2102.15,2102.15,2102.15,1825.05,1,9.55,50,25,21-FEB-2022,
OPTIDX,BANKNIFTY,03-Mar-2022,36200,CE,1966.15,1966.15,1723.5,1747.5,1747.5,4,38,50,50,21-FEB-2022,
OPTIDX,BANKNIFTY,03-Mar-2022,36300,CE,1330.9,1697.6,1330.85,1695,1695,9,85.04,100,25,21-FEB-2022,
OPTIDX,BANKNIFTY,03-Mar-2022,36400,CE,1320.05,1669.05,1310.95,1616.4,1616.4,10,94.51,150,150,21-FEB-2022,
OPTIDX,BANKNIFTY,03-Mar-2022,36500,CE,1424.45,1846,1228.05,1510.9,1510.9,244,2321,3925,1200,21-FEB-2022,
OPTIDX,BANKNIFTY,03-Mar-2022,36600,CE,1334.75,1735.1,1207.2,1686.75,1445.25,16,151.67,375,125,21-FEB-2022,
OPTIDX,BANKNIFTY,03-Mar-2022,36700,CE,1150.25,1487.75,1122.25,1363.05,1363.05,12,113.84,325,75,21-FEB-2022,
OPTIDX,BANKNIFTY,03-Mar-2022,36800,CE,1290.3,1600,1038.95,1315.25,1315.25,28,266.92,550,-25,21-FEB-2022,
OPTIDX,BANKNIFTY,03-Mar-2022,36900,CE,1058,1501.95,973.4,1220.45,1220.45,153,1457.32,1025,-125,21-FEB-2022,
OPTIDX,BANKNIFTY,03-Mar-2022,37000,CE,1071.9,1441.45,889.7,1161.6,1161.6,3605,34383.79,9775,-1300,21-FEB-2022,
OPTIDX,BANKNIFTY,03-Mar-2022,37100,CE,1044,1412.2,841,1113.5,1113.5,977,9324.42,2100,825,21-FEB-2022,
OPTIDX,BANKNIFTY,03-Mar-2022,37200,CE,980.95,1300,780,1025.05,1025.05,2554,24351.57,3025,750,21-FEB-2022,
OPTIDX,BANKNIFTY,03-Mar-2022,37300,CE,901.3,1218.6,724.95,961.05,961.05,4898,46749.88,6750,3775,21-FEB-2022,
OPTIDX,BANKNIFTY,03-Mar-2022,37400,CE,809.35,1163.7,674.8,895.35,895.35,8337,79734.26,10200,4025,21-FEB-2022,
OPTIDX,BANKNIFTY,03-Mar-2022,37500,CE,737.95,1096.65,621.65,833.85,833.85,30716,294471.15,75850,-3450,21-FEB-2022,
OPTIDX,BANKNIFTY,03-Mar-2022,37600,CE,700.05,1025,578.4,775.3,775.3,7560,72554.17,15475,-1225,21-FEB-2022,
OPTIDX,BANKNIFTY,03-Mar-2022,37700,CE,663.6,969.95,531.75,725.95,725.95,11711,112606.41,23825,7025,21-FEB-2022,
OPTIDX,BANKNIFTY,03-Mar-2022,37800,CE,680.05,904.8,492.6,670.8,670.8,12964,124907.58,35025,10150,21-FEB-2022,
OPTIDX,BANKNIFTY,03-Mar-2022,37900,CE,446.85,844.25,446.85,618.4,618.4,9853,95092.65,22425,11600,21-FEB-2022,
OPTIDX,BANKNIFTY,03-Mar-2022,38000,CE,499.85,787,412.7,566.05,566.05,41378,399638.89,143775,62475,21-FEB-2022,
OPTIDX,BANKNIFTY,03-Mar-2022,38100,CE,481.55,731.85,382.45,519.6,519.6,4192,40579.57,17825,11550,21-FEB-2022,
OPTIDX,BANKNIFTY,03-Mar-2022,38200,CE,476.95,679.7,347.25,478.1,478.1,6582,63765.39,20000,7375,21-FEB-2022,
OPTIDX,BANKNIFTY,03-Mar-2022,38300,CE,421.95,624.15,320,439.85,439.85,3349,32475.62,16950,9125,21-FEB-2022,
OPTIDX,BANKNIFTY,03-Mar-2022,38400,CE,347.35,578.7,287.5,396.4,396.4,2779,27008.56,14000,8050,21-FEB-2022,
OPTIDX,BANKNIFTY,03-Mar-2022,38500,CE,311.05,533.8,259.7,359.2,359.2,35435,344491.41,137725,67525,21-FEB-2022,
OPTIDX,BANKNIFTY,03-Mar-2022,38600,CE,329.25,483.5,236.45,322.8,322.8,2217,21591.19,8650,3250,21-FEB-2022,
OPTIDX,BANKNIFTY,03-Mar-2022,38700,CE,280,440.75,218.5,292.75,292.75,2273,22172.64,9375,5575,21-FEB-2022,
OPTIDX,BANKNIFTY,03-Mar-2022,38800,CE,240.25,401.85,191.75,268.2,268.2,3017,29484.76,10275,5850,21-FEB-2022,
OPTIDX,BANKNIFTY,03-Mar-2022,38900,CE,212.45,368.6,174.9,239.2,239.2,2820,27612.28,5600,675,21-FEB-2022,
OPTIDX,BANKNIFTY,03-Mar-2022,39000,CE,192.05,334.75,155.95,212.05,212.05,39355,386034.84,122375,15025,21-FEB-2022,
OPTIDX,BANKNIFTY,03-Mar-2022,39100,CE,173.35,300,141.05,188.9,188.9,1818,17871.26,9300,1025,21-FEB-2022,
OPTIDX,BANKNIFTY,03-Mar-2022,39200,CE,190.15,266,124.55,165.8,165.8,2469,24314.65,7275,2725,21-FEB-2022,
OPTIDX,BANKNIFTY,03-Mar-2022,39300,CE,141.95,242.75,110.05,146.05,146.05,3042,30016.02,12950,9850,21-FEB-2022,
OPTIDX,BANKNIFTY,03-Mar-2022,39400,CE,161.5,217.75,100.9,129.45,129.45,1951,19295.1,6325,4275,21-FEB-2022,
OPTIDX,BANKNIFTY,03-Mar-2022,39500,CE,115,194.8,90,115.25,115.25,25018,247893.94,107650,54275,21-FEB-2022,
OPTIDX,BANKNIFTY,03-Mar-2022,39600,CE,100.05,169,81,101.05,101.05,3569,35446.36,18075,15500,21-FEB-2022,
OPTIDX,BANKNIFTY,03-Mar-2022,39700,CE,86.65,158.15,70,88.1,88.1,2019,20093.15,7725,5925,21-FEB-2022,
OPTIDX,BANKNIFTY,03-Mar-2022,39800,CE,70.4,133.15,62.95,77.05,77.05,2249,22432.18,7525,5550,21-FEB-2022,
OPTIDX,BANKNIFTY,03-Mar-2022,39900,CE,87.65,119,55.4,67.45,67.45,1804,18033.89,3775,1825,21-FEB-2022,
OPTIDX,BANKNIFTY,03-Mar-2022,40000,CE,70,104.25,48.45,58.8,58.8,29963,300195.75,94100,29425,21-FEB-2022,
OPTIDX,BANKNIFTY,03-Mar-2022,40100,CE,47.25,96.35,44.05,51.65,51.65,766,7692.38,5700,1075,21-FEB-2022,
OPTIDX,BANKNIFTY,03-Mar-2022,40200,CE,51.75,79.25,32.75,44.8,44.8,1155,11623.38,5550,5150,21-FEB-2022,
OPTIDX,BANKNIFTY,03-Mar-2022,40300,CE,45.8,74,33.15,41,41,792,7989.79,4100,3225,21-FEB-2022,
OPTIDX,BANKNIFTY,03-Mar-2022,40400,CE,45.75,61.55,31.05,34.8,34.8,309,3124.3,1175,950,21-FEB-2022,
OPTIDX,BANKNIFTY,03-Mar-2022,40500,CE,39.95,53.8,26.55,30.65,30.65,10915,110622.58,50375,30700,21-FEB-2022,
OPTIDX,BANKNIFTY,03-Mar-2022,40600,CE,35.1,47.9,23.6,25.2,25.2,128,1300.33,1000,850,21-FEB-2022,
OPTIDX,BANKNIFTY,03-Mar-2022,40700,CE,36.45,43.8,16.35,22.7,22.7,358,3645.46,1500,1400,21-FEB-2022,
OPTIDX,BANKNIFTY,03-Mar-2022,40800,CE,30.45,40.9,16.35,19.35,19.35,843,8604.45,2450,1575,21-FEB-2022,
OPTIDX,BANKNIFTY,03-Mar-2022,40900,CE,28,41.8,16.35,18.95,18.95,1373,14047.22,5075,4750,21-FEB-2022,
OPTIDX,BANKNIFTY,03-Mar-2022,41000,CE,22.85,30.3,15.75,18.7,18.7,7511,77033.19,46400,13675,21-FEB-2022,
OPTIDX,BANKNIFTY,03-Mar-2022,41100,CE,26.35,27.9,14.8,17.2,17.2,178,1829.89,1700,1025,21-FEB-2022,
OPTIDX,BANKNIFTY,03-Mar-2022,41200,CE,18.8,22.95,15.25,15.6,15.6,9,92.74,125,125,21-FEB-2022,
OPTIDX,BANKNIFTY,03-Mar-2022,41300,CE,23.85,23.85,13,14.45,14.45,124,1280.85,700,350,21-FEB-2022,
OPTIDX,BANKNIFTY,03-Mar-2022,41400,CE,0,0,0,685,26.65,0,0,0,0,21-FEB-2022,
OPTIDX,BANKNIFTY,03-Mar-2022,41500,CE,12.6,20.2,11.95,13.9,13.9,2090,21692.05,15050,5525,21-FEB-2022,
OPTIDX,BANKNIFTY,03-Mar-2022,41600,CE,0,0,0,640.9,20.9,0,0,0,0,21-FEB-2022,
OPTIDX,BANKNIFTY,03-Mar-2022,41700,CE,17.7,19.7,12.75,14.8,14.8,24,250.29,475,250,21-FEB-2022,
OPTIDX,BANKNIFTY,03-Mar-2022,41800,CE,0,0,0,690.25,16.3,0,0,0,0,21-FEB-2022,
OPTIDX,BANKNIFTY,03-Mar-2022,41900,CE,0,0,0,667.95,14.4,0,0,0,0,21-FEB-2022,
OPTIDX,BANKNIFTY,03-Mar-2022,42000,CE,55.8,55.8,10.15,11.25,11.25,1629,17109.65,29300,10275,21-FEB-2022,
OPTIDX,BANKNIFTY,03-Mar-2022,42100,CE,0,0,0,623.4,11.1,0,0,0,0,21-FEB-2022,
OPTIDX,BANKNIFTY,03-Mar-2022,42200,CE,0,0,0,602.75,9.75,0,0,0,0,21-FEB-2022,
OPTIDX,BANKNIFTY,03-Mar-2022,42300,CE,0,0,0,582.65,8.55,0,0,0,0,21-FEB-2022,
OPTIDX,BANKNIFTY,03-Mar-2022,42400,CE,0,0,0,570.65,7.45,0,0,0,0,21-FEB-2022,
OPTIDX,BANKNIFTY,03-Mar-2022,42500,CE,12.05,13.9,8.55,9.2,9.2,598,6355.33,6825,2950,21-FEB-2022,
OPTIDX,BANKNIFTY,03-Mar-2022,42600,CE,0,0,0,356.55,5.7,0,0,25,0,21-FEB-2022,
OPTIDX,BANKNIFTY,03-Mar-2022,42700,CE,15,15,10,10,4.95,13,138.81,325,175,21-FEB-2022,
OPTIDX,BANKNIFTY,03-Mar-2022,42800,CE,11.95,12.3,5,9.7,9.7,73,781.29,925,925,21-FEB-2022,
OPTIDX,BANKNIFTY,03-Mar-2022,42900,CE,16,16,6.2,10.7,3.75,12,128.73,225,125,21-FEB-2022,
OPTIDX,BANKNIFTY,03-Mar-2022,43000,CE,9.1,10.45,7.2,7.75,7.75,764,8214.69,12025,4025,21-FEB-2022,
OPTIDX,BANKNIFTY,03-Mar-2022,43100,CE,0,0,0,276.3,2.8,0,0,0,0,21-FEB-2022,
OPTIDX,BANKNIFTY,03-Mar-2022,43200,CE,0,0,0,262.5,2.45,0,0,0,0,21-FEB-2022,
OPTIDX,BANKNIFTY,03-Mar-2022,43300,CE,11.55,11.55,6.2,6.9,6.9,81,876.99,1450,950,21-FEB-2022,
OPTIDX,BANKNIFTY,03-Mar-2022,30900,PE,0,0,0,3.35,0.05,0,0,25,0,21-FEB-2022,
OPTIDX,BANKNIFTY,03-Mar-2022,31000,PE,0,0,0,424.3,0.05,0,0,0,0,21-FEB-2022,
OPTIDX,BANKNIFTY,03-Mar-2022,31100,PE,0,0,0,444.05,0.05,0,0,0,0,21-FEB-2022,
OPTIDX,BANKNIFTY,03-Mar-2022,31200,PE,0,0,0,435.75,0.05,0,0,0,0,21-FEB-2022,
OPTIDX,BANKNIFTY,03-Mar-2022,31300,PE,0,0,0,455.45,0.05,0,0,0,0,21-FEB-2022,
OPTIDX,BANKNIFTY,03-Mar-2022,31400,PE,0,0,0,475.8,0.1,0,0,0,0,21-FEB-2022,
OPTIDX,BANKNIFTY,03-Mar-2022,31500,PE,0,0,0,496.8,0.1,0,0,0,0,21-FEB-2022,
OPTIDX,BANKNIFTY,03-Mar-2022,31600,PE,0,0,0,518.45,0.15,0,0,0,0,21-FEB-2022,
OPTIDX,BANKNIFTY,03-Mar-2022,31700,PE,0,0,0,540.75,0.15,0,0,0,0,21-FEB-2022,
OPTIDX,BANKNIFTY,03-Mar-2022,31800,PE,0,0,0,563.8,0.2,0,0,0,0,21-FEB-2022,
OPTIDX,BANKNIFTY,03-Mar-2022,31900,PE,0,0,0,587.5,0.25,0,0,0,0,21-FEB-2022,
OPTIDX,BANKNIFTY,03-Mar-2022,32000,PE,26,43.95,20,23.95,23.95,1255,10047.49,8225,7075,21-FEB-2022,
OPTIDX,BANKNIFTY,03-Mar-2022,32100,PE,0,0,0,638.25,0.35,0,0,0,0,21-FEB-2022,
OPTIDX,BANKNIFTY,03-Mar-2022,32200,PE,0,0,0,664,0.45,0,0,0,0,21-FEB-2022,
OPTIDX,BANKNIFTY,03-Mar-2022,32300,PE,24.25,27.95,24.25,27.95,27.95,47,379.82,150,-850,21-FEB-2022,
OPTIDX,BANKNIFTY,03-Mar-2022,32400,PE,0,0,0,717.65,0.7,0,0,0,0,21-FEB-2022,
OPTIDX,BANKNIFTY,03-Mar-2022,32500,PE,32.05,37.95,25.55,28.6,28.6,595,4838.69,5225,5225,21-FEB-2022,
OPTIDX,BANKNIFTY,03-Mar-2022,32600,PE,0,0,0,774.3,1.05,0,0,0,0,21-FEB-2022,
OPTIDX,BANKNIFTY,03-Mar-2022,32700,PE,0,0,0,802.35,1.3,0,0,0,0,21-FEB-2022,
OPTIDX,BANKNIFTY,03-Mar-2022,32800,PE,0,0,0,832.7,1.6,0,0,0,0,21-FEB-2022,
OPTIDX,BANKNIFTY,03-Mar-2022,32900,PE,0,0,0,863.8,1.95,0,0,0,0,21-FEB-2022,
OPTIDX,BANKNIFTY,03-Mar-2022,33000,PE,49,64.8,30,36.75,36.75,2017,16659.3,15500,8025,21-FEB-2022,
OPTIDX,BANKNIFTY,03-Mar-2022,33100,PE,0,0,0,51.45,2.85,0,0,0,0,21-FEB-2022,
OPTIDX,BANKNIFTY,03-Mar-2022,33200,PE,0,0,0,961.85,3.45,0,0,0,0,21-FEB-2022,
OPTIDX,BANKNIFTY,03-Mar-2022,33300,PE,0,0,0,996.1,4.15,0,0,0,0,21-FEB-2022,
OPTIDX,BANKNIFTY,03-Mar-2022,33400,PE,0,0,0,1031.15,4.95,0,0,0,0,21-FEB-2022,
OPTIDX,BANKNIFTY,03-Mar-2022,33500,PE,84.15,84.15,39,44.45,44.45,3273,27450.44,12125,5900,21-FEB-2022,
OPTIDX,BANKNIFTY,03-Mar-2022,33600,PE,0,0,0,1103.65,7,0,0,0,0,21-FEB-2022,
OPTIDX,BANKNIFTY,03-Mar-2022,33700,PE,84.3,91.45,42.9,47.1,47.1,169,1426.24,1025,800,21-FEB-2022,
OPTIDX,BANKNIFTY,03-Mar-2022,33800,PE,61.1,101.85,39.65,47.6,47.6,76,643.36,325,300,21-FEB-2022,
OPTIDX,BANKNIFTY,03-Mar-2022,33900,PE,82.8,86.85,46.85,55.3,55.3,437,3710.09,750,600,21-FEB-2022,
OPTIDX,BANKNIFTY,03-Mar-2022,34000,PE,86.45,98.95,51.4,58.8,58.8,8152,69428.18,37750,19875,21-FEB-2022,
OPTIDX,BANKNIFTY,03-Mar-2022,34100,PE,89.4,101.15,51.8,63.8,63.8,205,1750.99,1600,1350,21-FEB-2022,
OPTIDX,BANKNIFTY,03-Mar-2022,34200,PE,116.55,116.55,55.1,65.8,65.8,282,2416.42,500,150,21-FEB-2022,
OPTIDX,BANKNIFTY,03-Mar-2022,34300,PE,111.15,118.05,60.5,67.3,67.3,149,1280.58,200,75,21-FEB-2022,
OPTIDX,BANKNIFTY,03-Mar-2022,34400,PE,112.85,119.55,66,73.3,73.3,175,1508.7,425,250,21-FEB-2022,
OPTIDX,BANKNIFTY,03-Mar-2022,34500,PE,134.35,137.05,70,81.95,81.95,6796,58770.7,20775,6925,21-FEB-2022,
OPTIDX,BANKNIFTY,03-Mar-2022,34600,PE,128.1,141.9,75.05,86.95,86.95,161,1396.69,450,125,21-FEB-2022,
OPTIDX,BANKNIFTY,03-Mar-2022,34700,PE,137.15,147,81.05,93.6,93.6,299,2601.16,425,250,21-FEB-2022,
OPTIDX,BANKNIFTY,03-Mar-2022,34800,PE,147.95,159.25,82.75,100.45,100.45,328,2862.88,950,600,21-FEB-2022,
OPTIDX,BANKNIFTY,03-Mar-2022,34900,PE,148.65,168.25,91.45,108.35,108.35,254,2223.5,775,375,21-FEB-2022,
OPTIDX,BANKNIFTY,03-Mar-2022,35000,PE,168.05,180,96.7,113.4,113.4,25685,225543.51,88725,38225,21-FEB-2022,
OPTIDX,BANKNIFTY,03-Mar-2022,35100,PE,173.85,190.7,105,119.9,119.9,594,5232.75,2000,1000,21-FEB-2022,
OPTIDX,BANKNIFTY,03-Mar-2022,35200,PE,205.7,211.45,109.1,130.65,130.65,454,4011.22,625,275,21-FEB-2022,
OPTIDX,BANKNIFTY,03-Mar-2022,35300,PE,201.45,225,118.65,143.65,143.65,1306,11575.29,2800,1750,21-FEB-2022,
OPTIDX,BANKNIFTY,03-Mar-2022,35400,PE,196.05,237.2,126.2,147.15,147.15,603,5363.68,1500,-1400,21-FEB-2022,
OPTIDX,BANKNIFTY,03-Mar-2022,35500,PE,219.45,252.6,135,161.7,161.7,17528,156376.98,39900,15000,21-FEB-2022,
OPTIDX,BANKNIFTY,03-Mar-2022,35600,PE,237.8,274.8,145.95,174.9,174.9,894,7998.51,1075,-350,21-FEB-2022,
OPTIDX,BANKNIFTY,03-Mar-2022,35700,PE,315.85,315.85,155,190.35,190.35,1484,13320.29,3900,2750,21-FEB-2022,
OPTIDX,BANKNIFTY,03-Mar-2022,35800,PE,287.6,305.65,165,200.55,200.55,1975,17787.07,3250,1375,21-FEB-2022,
OPTIDX,BANKNIFTY,03-Mar-2022,35900,PE,285.45,331,176.2,216.25,216.25,961,8678.26,2550,1800,21-FEB-2022,
OPTIDX,BANKNIFTY,03-Mar-2022,36000,PE,301.95,352.6,189,231.7,231.7,28133,255007.17,93975,19875,21-FEB-2022,
OPTIDX,BANKNIFTY,03-Mar-2022,36100,PE,323.95,374,199.95,249.75,249.75,1203,10941.9,3375,-675,21-FEB-2022,
OPTIDX,BANKNIFTY,03-Mar-2022,36200,PE,355,399.35,215.55,270.9,270.9,2317,21130.68,7425,5200,21-FEB-2022,
OPTIDX,BANKNIFTY,03-Mar-2022,36300,PE,367.9,422.95,228.35,283.6,283.6,1392,12738.32,6575,800,21-FEB-2022,
OPTIDX,BANKNIFTY,03-Mar-2022,36400,PE,354.7,455,245.15,301.65,301.65,2000,18366.12,4375,1325,21-FEB-2022,
OPTIDX,BANKNIFTY,03-Mar-2022,36500,PE,407.9,485.8,263.4,324.4,324.4,17542,161613.89,61325,9400,21-FEB-2022,
OPTIDX,BANKNIFTY,03-Mar-2022,36600,PE,417.1,517,282.75,343.5,343.5,2615,24167.79,8650,6000,21-FEB-2022,
OPTIDX,BANKNIFTY,03-Mar-2022,36700,PE,454.45,552.4,301.35,371.2,371.2,2053,19044.68,7525,2825,21-FEB-2022,
OPTIDX,BANKNIFTY,03-Mar-2022,36800,PE,488.5,588.95,323.15,398.8,398.8,2939,27346.91,7725,4850,21-FEB-2022,
OPTIDX,BANKNIFTY,03-Mar-2022,36900,PE,524.95,621.3,346.05,425.45,425.45,2427,22664.47,13175,7175,21-FEB-2022,
OPTIDX,BANKNIFTY,03-Mar-2022,37000,PE,469.3,663.85,364.9,456,456,24953,233864.77,66425,24200,21-FEB-2022,
OPTIDX,BANKNIFTY,03-Mar-2022,37100,PE,611.25,707.6,393.95,481.1,481.1,3645,34313.04,11100,6800,21-FEB-2022,
OPTIDX,BANKNIFTY,03-Mar-2022,37200,PE,702.4,749.95,415.75,515.7,515.7,7085,66972.02,13175,7625,21-FEB-2022,
OPTIDX,BANKNIFTY,03-Mar-2022,37300,PE,609.95,797.25,443.3,551.4,551.4,10249,97239.4,19325,6875,21-FEB-2022,
OPTIDX,BANKNIFTY,03-Mar-2022,37400,PE,726.75,843.2,475,589.65,589.65,10091,96048.32,21350,5025,21-FEB-2022,
OPTIDX,BANKNIFTY,03-Mar-2022,37500,PE,751,895.2,504.8,628.5,628.5,30481,290749.46,131975,47925,21-FEB-2022,
OPTIDX,BANKNIFTY,03-Mar-2022,37600,PE,800,949.75,538.05,675.6,675.6,8421,80603.4,20700,4750,21-FEB-2022,
OPTIDX,BANKNIFTY,03-Mar-2022,37700,PE,828.7,1000,576.55,716.1,716.1,11449,109914.04,30750,19900,21-FEB-2022,
OPTIDX,BANKNIFTY,03-Mar-2022,37800,PE,894.95,1060,612.4,759,759,9493,91430.76,20775,8875,21-FEB-2022,
OPTIDX,BANKNIFTY,03-Mar-2022,37900,PE,924.35,1107.75,650.85,811.35,811.35,7409,71578.42,11500,7325,21-FEB-2022,
OPTIDX,BANKNIFTY,03-Mar-2022,38000,PE,1011.9,1172.25,692.05,857.95,857.95,16065,155851.23,52400,23900,21-FEB-2022,
OPTIDX,BANKNIFTY,03-Mar-2022,38100,PE,1000,1215.55,739.9,909.05,909.05,1013,9864.84,5250,2400,21-FEB-2022,
OPTIDX,BANKNIFTY,03-Mar-2022,38200,PE,1164.7,1302.4,789.55,967.05,967.05,532,5203.64,2825,950,21-FEB-2022,
OPTIDX,BANKNIFTY,03-Mar-2022,38300,PE,1110.2,1374.3,843.1,1014.85,1014.85,667,6546.85,2375,1075,21-FEB-2022,
OPTIDX,BANKNIFTY,03-Mar-2022,38400,PE,1334.7,1334.7,895.45,1086.5,1086.5,474,4670.08,2600,1925,21-FEB-2022,
OPTIDX,BANKNIFTY,03-Mar-2022,38500,PE,1275,1512.95,941.2,1139.65,1139.65,970,9599.65,8900,3825,21-FEB-2022,
OPTIDX,BANKNIFTY,03-Mar-2022,38600,PE,1248.35,1265.8,1002,1196.75,1196.75,72,714.34,1100,550,21-FEB-2022,
OPTIDX,BANKNIFTY,03-Mar-2022,38700,PE,1551.35,1551.35,1035.4,1284.3,1284.3,44,439.56,375,175,21-FEB-2022,
OPTIDX,BANKNIFTY,03-Mar-2022,38800,PE,1749.95,1749.95,1097.95,1374.4,1374.4,26,260.25,425,25,21-FEB-2022,
OPTIDX,BANKNIFTY,03-Mar-2022,38900,PE,1464.2,1464.2,1182,1404.1,1404.1,42,421.69,600,125,21-FEB-2022,
OPTIDX,BANKNIFTY,03-Mar-2022,39000,PE,1626.25,1891,1247.8,1513.35,1513.35,386,3898.79,4725,1525,21-FEB-2022,
OPTIDX,BANKNIFTY,03-Mar-2022,39100,PE,0,0,0,1564,1647.75,0,0,50,0,21-FEB-2022,
OPTIDX,BANKNIFTY,03-Mar-2022,39200,PE,0,0,0,1751.05,1725.15,0,0,50,0,21-FEB-2022,
OPTIDX,BANKNIFTY,03-Mar-2022,39300,PE,1772.95,1772.95,1672.85,1688.55,1688.55,3,30.75,100,50,21-FEB-2022,
OPTIDX,BANKNIFTY,03-Mar-2022,39400,PE,2041.45,2215.7,1522.55,1832.15,1832.15,7,72.35,75,-25,21-FEB-2022,
OPTIDX,BANKNIFTY,03-Mar-2022,39500,PE,2150,2150,1630,1895,1895,49,504.85,550,350,21-FEB-2022,
OPTIDX,BANKNIFTY,03-Mar-2022,39600,PE,0,0,0,1883.75,2048.9,0,0,25,0,21-FEB-2022,
OPTIDX,BANKNIFTY,03-Mar-2022,39700,PE,0,0,0,3771.05,2133,0,0,0,0,21-FEB-2022,
OPTIDX,BANKNIFTY,03-Mar-2022,39800,PE,2439.95,2553.7,2439.95,2553.7,2218.35,4,42.29,50,50,21-FEB-2022,
OPTIDX,BANKNIFTY,03-Mar-2022,39900,PE,0,0,0,2053.8,2304.75,0,0,25,0,21-FEB-2022,
OPTIDX,BANKNIFTY,03-Mar-2022,40000,PE,2457,2457,2053,2301.7,2392.2,28,295.27,425,325,21-FEB-2022,
OPTIDX,BANKNIFTY,03-Mar-2022,40100,PE,2476.4,2476.4,2476.4,2476.4,2480.6,1,10.64,50,25,21-FEB-2022,
OPTIDX,BANKNIFTY,03-Mar-2022,40200,PE,0,0,0,2684.85,2569.95,0,0,1075,0,21-FEB-2022,
OPTIDX,BANKNIFTY,03-Mar-2022,40300,PE,0,0,0,2848.6,2660.15,0,0,25,0,21-FEB-2022,
OPTIDX,BANKNIFTY,03-Mar-2022,40400,PE,0,0,0,4311.75,2751.15,0,0,0,0,21-FEB-2022,
OPTIDX,BANKNIFTY,03-Mar-2022,40500,PE,2870.55,2870.55,2554.95,2554.95,2842.95,4,43.21,25,0,21-FEB-2022,
OPTIDX,BANKNIFTY,03-Mar-2022,40600,PE,0,0,0,4150.35,2935.4,0,0,0,0,21-FEB-2022,
OPTIDX,BANKNIFTY,03-Mar-2022,40700,PE,0,0,0,4228.65,3028.55,0,0,0,0,21-FEB-2022,
OPTIDX,BANKNIFTY,03-Mar-2022,40800,PE,0,0,0,4307.55,3122.3,0,0,0,0,21-FEB-2022,
OPTIDX,BANKNIFTY,03-Mar-2022,40900,PE,0,0,0,3745.05,3216.6,0,0,0,0,21-FEB-2022,
OPTIDX,BANKNIFTY,03-Mar-2022,41000,PE,0,0,0,2448.4,3311.4,0,0,25,0,21-FEB-2022,
OPTIDX,BANKNIFTY,03-Mar-2022,41100,PE,0,0,0,3895.4,3406.7,0,0,0,0,21-FEB-2022,
OPTIDX,BANKNIFTY,03-Mar-2022,41200,PE,0,0,0,3971.5,3502.45,0,0,0,0,21-FEB-2022,
OPTIDX,BANKNIFTY,03-Mar-2022,41300,PE,0,0,0,4048.2,3598.6,0,0,0,0,21-FEB-2022,
OPTIDX,BANKNIFTY,03-Mar-2022,41400,PE,0,0,0,4125.5,3695.15,0,0,0,0,21-FEB-2022,
OPTIDX,BANKNIFTY,03-Mar-2022,41500,PE,4203.3,4203.3,4203.3,4203.3,3792,1,11.42,25,25,21-FEB-2022,
OPTIDX,BANKNIFTY,03-Mar-2022,41600,PE,0,0,0,4280.15,3889.2,0,0,0,0,21-FEB-2022,
OPTIDX,BANKNIFTY,03-Mar-2022,41700,PE,0,0,0,4359,3986.65,0,0,0,0,21-FEB-2022,
OPTIDX,BANKNIFTY,03-Mar-2022,41800,PE,0,0,0,3898.3,4084.35,0,0,0,0,21-FEB-2022,
OPTIDX,BANKNIFTY,03-Mar-2022,41900,PE,0,0,0,3975.4,4182.3,0,0,0,0,21-FEB-2022,
OPTIDX,BANKNIFTY,03-Mar-2022,42000,PE,3742.5,3742.5,3742.5,3742.5,4280.5,1,11.43,150,25,21-FEB-2022,
OPTIDX,BANKNIFTY,03-Mar-2022,42100,PE,0,0,0,4129.7,4378.85,0,0,0,0,21-FEB-2022,
OPTIDX,BANKNIFTY,03-Mar-2022,42200,PE,0,0,0,4208.5,4477.35,0,0,0,0,21-FEB-2022,
OPTIDX,BANKNIFTY,03-Mar-2022,42300,PE,0,0,0,4287.8,4576.05,0,0,0,0,21-FEB-2022,
OPTIDX,BANKNIFTY,03-Mar-2022,42400,PE,0,0,0,4285.7,4674.85,0,0,0,0,21-FEB-2022,
OPTIDX,BANKNIFTY,03-Mar-2022,42500,PE,0,0,0,3794.35,4773.8,0,0,25,0,21-FEB-2022,
OPTIDX,BANKNIFTY,03-Mar-2022,42600,PE,0,0,0,4213.35,4872.85,0,0,0,0,21-FEB-2022,
OPTIDX,BANKNIFTY,03-Mar-2022,42700,PE,0,0,0,4293.1,4972,0,0,0,0,21-FEB-2022,
OPTIDX,BANKNIFTY,03-Mar-2022,42800,PE,0,0,0,3653,5071.25,0,0,0,0,21-FEB-2022,
OPTIDX,BANKNIFTY,03-Mar-2022,42900,PE,0,0,0,3737.05,5170.55,0,0,0,0,21-FEB-2022,
OPTIDX,BANKNIFTY,03-Mar-2022,43000,PE,0,0,0,3821.7,5269.95,0,0,0,0,21-FEB-2022,
OPTIDX,BANKNIFTY,03-Mar-2022,43100,PE,0,0,0,3907,5369.4,0,0,0,0,21-FEB-2022,
OPTIDX,BANKNIFTY,03-Mar-2022,43200,PE,0,0,0,3992.9,5468.9,0,0,0,0,21-FEB-2022,
OPTIDX,BANKNIFTY,03-Mar-2022,43300,PE,0,0,0,4079.35,5568.5,0,0,0,0,21-FEB-2022,
OPTIDX,BANKNIFTY,10-Mar-2022,32900,CE,0,0,0,4457.95,4863.6,0,0,0,0,21-FEB-2022,
OPTIDX,BANKNIFTY,10-Mar-2022,33000,CE,0,0,0,4372.8,4765.95,0,0,0,0,21-FEB-2022,
OPTIDX,BANKNIFTY,10-Mar-2022,33100,CE,0,0,0,4288.25,4668.55,0,0,0,0,21-FEB-2022,
OPTIDX,BANKNIFTY,10-Mar-2022,33200,CE,0,0,0,4204.4,4571.4,0,0,0,0,21-FEB-2022,
OPTIDX,BANKNIFTY,10-Mar-2022,33300,CE,0,0,0,4121.2,4474.55,0,0,0,0,21-FEB-2022,
OPTIDX,BANKNIFTY,10-Mar-2022,33400,CE,0,0,0,4038.7,4378,0,0,0,0,21-FEB-2022,
OPTIDX,BANKNIFTY,10-Mar-2022,33500,CE,0,0,0,4670.1,4281.85,0,0,0,0,21-FEB-2022,
OPTIDX,BANKNIFTY,10-Mar-2022,33600,CE,0,0,0,4590.6,4186.05,0,0,0,0,21-FEB-2022,
OPTIDX,BANKNIFTY,10-Mar-2022,33700,CE,0,0,0,4511.75,4090.6,0,0,0,0,21-FEB-2022,
OPTIDX,BANKNIFTY,10-Mar-2022,33800,CE,0,0,0,4433.5,3995.65,0,0,0,0,21-FEB-2022,
OPTIDX,BANKNIFTY,10-Mar-2022,33900,CE,0,0,0,4355.95,3901.15,0,0,0,0,21-FEB-2022,
OPTIDX,BANKNIFTY,10-Mar-2022,34000,CE,0,0,0,4279.05,3807.15,0,0,0,0,21-FEB-2022,
OPTIDX,BANKNIFTY,10-Mar-2022,34100,CE,0,0,0,4202.8,3713.65,0,0,0,0,21-FEB-2022,
OPTIDX,BANKNIFTY,10-Mar-2022,34200,CE,0,0,0,4127.25,3620.75,0,0,0,0,21-FEB-2022,
OPTIDX,BANKNIFTY,10-Mar-2022,34300,CE,0,0,0,4052.45,3528.45,0,0,0,0,21-FEB-2022,
OPTIDX,BANKNIFTY,10-Mar-2022,34400,CE,0,0,0,3979.65,3436.8,0,0,0,0,21-FEB-2022,
OPTIDX,BANKNIFTY,10-Mar-2022,34500,CE,0,0,0,3906.15,3345.8,0,0,0,0,21-FEB-2022,
OPTIDX,BANKNIFTY,10-Mar-2022,34600,CE,0,0,0,3833.35,3255.55,0,0,0,0,21-FEB-2022,
OPTIDX,BANKNIFTY,10-Mar-2022,34700,CE,0,0,0,3761.25,3166.05,0,0,0,0,21-FEB-2022,
OPTIDX,BANKNIFTY,10-Mar-2022,34800,CE,0,0,0,3689.95,3077.35,0,0,0,0,21-FEB-2022,
OPTIDX,BANKNIFTY,10-Mar-2022,34900,CE,0,0,0,3619.4,2989.5,0,0,0,0,21-FEB-2022,
OPTIDX,BANKNIFTY,10-Mar-2022,35000,CE,2700.6,2868.4,2606.8,2868.4,2902.5,5,47.12,50,50,21-FEB-2022,
OPTIDX,BANKNIFTY,10-Mar-2022,35100,CE,0,0,0,3479.2,2816.45,0,0,0,0,21-FEB-2022,
OPTIDX,BANKNIFTY,10-Mar-2022,35200,CE,0,0,0,3411,2731.4,0,0,0,0,21-FEB-2022,
OPTIDX,BANKNIFTY,10-Mar-2022,35300,CE,0,0,0,3343.65,2647.3,0,0,0,0,21-FEB-2022,
OPTIDX,BANKNIFTY,10-Mar-2022,35400,CE,0,0,0,3277,2564.25,0,0,0,0,21-FEB-2022,
OPTIDX,BANKNIFTY,10-Mar-2022,35500,CE,0,0,0,3211.2,2482.3,0,0,0,0,21-FEB-2022,
OPTIDX,BANKNIFTY,10-Mar-2022,35600,CE,0,0,0,3146.15,2401.5,0,0,0,0,21-FEB-2022,
OPTIDX,BANKNIFTY,10-Mar-2022,35700,CE,0,0,0,3081.95,2321.85,0,0,0,0,21-FEB-2022,
OPTIDX,BANKNIFTY,10-Mar-2022,35800,CE,0,0,0,3018.5,2243.4,0,0,0,0,21-FEB-2022,
OPTIDX,BANKNIFTY,10-Mar-2022,35900,CE,0,0,0,2955.85,2166.2,0,0,0,0,21-FEB-2022,
OPTIDX,BANKNIFTY,10-Mar-2022,36000,CE,1880,2349.65,1857,2148.15,2148.15,10,95.32,50,25,21-FEB-2022,
OPTIDX,BANKNIFTY,10-Mar-2022,36100,CE,0,0,0,2833,2017.05,0,0,0,0,21-FEB-2022,
OPTIDX,BANKNIFTY,10-Mar-2022,36200,CE,1718.25,1718.25,1693.65,1693.65,1943.6,2,18.95,25,25,21-FEB-2022,
OPTIDX,BANKNIFTY,10-Mar-2022,36300,CE,2030.9,2100.05,2030.9,2100.05,1870.2,2,19.18,25,25,21-FEB-2022,
OPTIDX,BANKNIFTY,10-Mar-2022,36400,CE,0,0,0,2654.85,1799.75,0,0,0,0,21-FEB-2022,
OPTIDX,BANKNIFTY,10-Mar-2022,36500,CE,1609.35,1812.05,1515.05,1770.05,1770.05,24,229.17,525,-50,21-FEB-2022,
OPTIDX,BANKNIFTY,10-Mar-2022,36600,CE,1560.85,1560.85,1560.85,1560.85,1663.25,1,9.54,400,0,21-FEB-2022,
OPTIDX,BANKNIFTY,10-Mar-2022,36700,CE,0,0,0,2484,1597.25,0,0,0,0,21-FEB-2022,
OPTIDX,BANKNIFTY,10-Mar-2022,36800,CE,0,0,0,2428.7,1532.75,0,0,0,0,21-FEB-2022,
OPTIDX,BANKNIFTY,10-Mar-2022,36900,CE,0,0,0,1491.2,1469.8,0,0,0,0,21-FEB-2022,
OPTIDX,BANKNIFTY,10-Mar-2022,37000,CE,1260.35,1603,1121.3,1418.25,1418.25,135,1292.56,1500,1325,21-FEB-2022,
OPTIDX,BANKNIFTY,10-Mar-2022,37100,CE,1167.9,1450.35,1167.9,1450.35,1348.5,17,163.52,425,150,21-FEB-2022,
OPTIDX,BANKNIFTY,10-Mar-2022,37200,CE,1069,1487.2,1069,1260,1290.25,23,221.05,200,100,21-FEB-2022,
OPTIDX,BANKNIFTY,10-Mar-2022,37300,CE,1027,1284,993,1232.8,1233.55,46,442,150,-50,21-FEB-2022,
OPTIDX,BANKNIFTY,10-Mar-2022,37400,CE,1093.95,1384.45,948.45,1168,1168,67,645.01,325,50,21-FEB-2022,
OPTIDX,BANKNIFTY,10-Mar-2022,37500,CE,1007.4,1310,869.95,1108.25,1108.25,601,5799.54,2925,1500,21-FEB-2022,
OPTIDX,BANKNIFTY,10-Mar-2022,37600,CE,878.9,1271,875.95,1062.15,1062.15,105,1015.53,650,175,21-FEB-2022,
OPTIDX,BANKNIFTY,10-Mar-2022,37700,CE,929.5,1182.05,776.2,996.4,996.4,112,1083.95,600,375,21-FEB-2022,
OPTIDX,BANKNIFTY,10-Mar-2022,37800,CE,768.7,1100,725,942.55,942.55,87,843.27,800,-75,21-FEB-2022,
OPTIDX,BANKNIFTY,10-Mar-2022,37900,CE,734.05,1076,730,879.6,879.6,67,650.33,725,225,21-FEB-2022,
OPTIDX,BANKNIFTY,10-Mar-2022,38000,CE,730,1028.9,627,833.55,833.55,862,8380.65,7550,3625,21-FEB-2022,
OPTIDX,BANKNIFTY,10-Mar-2022,38100,CE,644.95,964.9,644.95,784.6,784.6,50,486.38,375,350,21-FEB-2022,
OPTIDX,BANKNIFTY,10-Mar-2022,38200,CE,717.95,913,717.95,747.7,747.7,50,487.96,350,-75,21-FEB-2022,
OPTIDX,BANKNIFTY,10-Mar-2022,38300,CE,666.75,867,666.75,685.4,685.4,20,195.16,225,125,21-FEB-2022,
OPTIDX,BANKNIFTY,10-Mar-2022,38400,CE,616.1,680,477.9,680,714.75,10,97.46,150,50,21-FEB-2022,
OPTIDX,BANKNIFTY,10-Mar-2022,38500,CE,536.95,771.95,455,612.55,612.55,577,5649.1,3850,2275,21-FEB-2022,
OPTIDX,BANKNIFTY,10-Mar-2022,38600,CE,674,674,528.75,581.7,581.7,18,176.4,300,300,21-FEB-2022,
OPTIDX,BANKNIFTY,10-Mar-2022,38700,CE,634.05,634.35,634.05,634.35,634.35,20,196.67,500,500,21-FEB-2022,
OPTIDX,BANKNIFTY,10-Mar-2022,38800,CE,513.55,553.45,513.55,528.65,528.65,8,78.65,200,200,21-FEB-2022,
OPTIDX,BANKNIFTY,10-Mar-2022,38900,CE,363.95,548.4,363.95,548.4,540.15,27,265.62,650,600,21-FEB-2022,
OPTIDX,BANKNIFTY,10-Mar-2022,39000,CE,346.05,543.35,316.3,419.85,419.85,956,9423.54,11000,5550,21-FEB-2022,
OPTIDX,BANKNIFTY,10-Mar-2022,39100,CE,358.7,500.85,358.7,398.3,398.3,33,326.01,325,325,21-FEB-2022,
OPTIDX,BANKNIFTY,10-Mar-2022,39200,CE,290.15,492.55,290.1,359.35,359.35,14,138.48,250,175,21-FEB-2022,
OPTIDX,BANKNIFTY,10-Mar-2022,39300,CE,0,0,0,1307.8,425.4,0,0,0,0,21-FEB-2022,
OPTIDX,BANKNIFTY,10-Mar-2022,39400,CE,0,0,0,1272.95,401.6,0,0,0,0,21-FEB-2022,
OPTIDX,BANKNIFTY,10-Mar-2022,39500,CE,254.7,371,103,266.95,266.95,472,4695.07,3575,1475,21-FEB-2022,
OPTIDX,BANKNIFTY,10-Mar-2022,39600,CE,0,0,0,1205.45,353,0,0,0,0,21-FEB-2022,
OPTIDX,BANKNIFTY,10-Mar-2022,39700,CE,0,0,0,1172.75,331.05,0,0,0,0,21-FEB-2022,
OPTIDX,BANKNIFTY,10-Mar-2022,39800,CE,0,0,0,1140.75,310.25,0,0,0,0,21-FEB-2022,
OPTIDX,BANKNIFTY,10-Mar-2022,39900,CE,0,0,0,1109.4,290.45,0,0,0,0,21-FEB-2022,
OPTIDX,BANKNIFTY,10-Mar-2022,40000,CE,132.2,239.05,132.2,166.4,166.4,687,6902.52,9900,1825,21-FEB-2022,
OPTIDX,BANKNIFTY,10-Mar-2022,40100,CE,0,0,0,1048.8,254,0,0,0,0,21-FEB-2022,
OPTIDX,BANKNIFTY,10-Mar-2022,40200,CE,0,0,0,390.15,237.25,0,0,375,0,21-FEB-2022,
OPTIDX,BANKNIFTY,10-Mar-2022,40300,CE,0,0,0,990.8,221.35,0,0,0,0,21-FEB-2022,
OPTIDX,BANKNIFTY,10-Mar-2022,40400,CE,0,0,0,962.8,206.4,0,0,0,0,21-FEB-2022,
OPTIDX,BANKNIFTY,10-Mar-2022,40500,CE,87.2,143.95,84,101.1,101.1,102,1035.87,875,225,21-FEB-2022,
OPTIDX,BANKNIFTY,10-Mar-2022,40600,CE,0,0,0,908.65,179,0,0,0,0,21-FEB-2022,
OPTIDX,BANKNIFTY,10-Mar-2022,40700,CE,0,0,0,882.55,166.45,0,0,0,0,21-FEB-2022,
OPTIDX,BANKNIFTY,10-Mar-2022,40800,CE,0,0,0,857,154.7,0,0,0,0,21-FEB-2022,
OPTIDX,BANKNIFTY,10-Mar-2022,40900,CE,0,0,0,833.85,143.6,0,0,0,0,21-FEB-2022,
OPTIDX,BANKNIFTY,10-Mar-2022,41000,CE,66.95,98,56.05,61.65,61.65,266,2731.65,2500,900,21-FEB-2022,
OPTIDX,BANKNIFTY,10-Mar-2022,41100,CE,0,0,0,786,123.5,0,0,0,0,21-FEB-2022,
OPTIDX,BANKNIFTY,10-Mar-2022,41200,CE,0,0,0,762.95,114.35,0,0,0,0,21-FEB-2022,
OPTIDX,BANKNIFTY,10-Mar-2022,41300,CE,0,0,0,740.45,105.85,0,0,0,0,21-FEB-2022,
OPTIDX,BANKNIFTY,10-Mar-2022,41400,CE,0,0,0,718.55,97.85,0,0,0,0,21-FEB-2022,
OPTIDX,BANKNIFTY,10-Mar-2022,41500,CE,46.05,62.75,40,44.3,44.3,24,249.3,1550,100,21-FEB-2022,
OPTIDX,BANKNIFTY,10-Mar-2022,41600,CE,55.05,153.4,50,77.45,77.45,7,72.93,1725,75,21-FEB-2022,
OPTIDX,BANKNIFTY,10-Mar-2022,41700,CE,0,0,0,672.75,76.95,0,0,0,0,21-FEB-2022,
OPTIDX,BANKNIFTY,10-Mar-2022,41800,CE,0,0,0,795.65,70.9,0,0,0,0,21-FEB-2022,
OPTIDX,BANKNIFTY,10-Mar-2022,41900,CE,0,0,0,772,65.3,0,0,0,0,21-FEB-2022,
OPTIDX,BANKNIFTY,10-Mar-2022,42000,CE,29.95,49,23.15,26.9,26.9,321,3373.01,6775,1075,21-FEB-2022,
OPTIDX,BANKNIFTY,10-Mar-2022,42100,CE,0,0,0,726.4,55.2,0,0,0,0,21-FEB-2022,
OPTIDX,BANKNIFTY,10-Mar-2022,42200,CE,0,0,0,704.45,50.7,0,0,0,0,21-FEB-2022,
OPTIDX,BANKNIFTY,10-Mar-2022,42300,CE,0,0,0,681.45,46.55,0,0,0,0,21-FEB-2022,
OPTIDX,BANKNIFTY,10-Mar-2022,42400,CE,0,0,0,670,42.7,0,0,0,0,21-FEB-2022,
OPTIDX,BANKNIFTY,10-Mar-2022,42500,CE,0,0,0,704.2,39.1,0,0,0,0,21-FEB-2022,
OPTIDX,BANKNIFTY,10-Mar-2022,42600,CE,0,0,0,681,35.8,0,0,0,0,21-FEB-2022,
OPTIDX,BANKNIFTY,10-Mar-2022,42700,CE,0,0,0,680,32.75,0,0,25,0,21-FEB-2022,
OPTIDX,BANKNIFTY,10-Mar-2022,42800,CE,0,0,0,435.2,29.95,0,0,0,0,21-FEB-2022,
OPTIDX,BANKNIFTY,10-Mar-2022,42900,CE,0,0,0,416.95,27.35,0,0,0,0,21-FEB-2022,
OPTIDX,BANKNIFTY,10-Mar-2022,43000,CE,29,30.45,22.1,28,28,14,150.59,475,200,21-FEB-2022,
OPTIDX,BANKNIFTY,10-Mar-2022,43100,CE,0,0,0,382.4,22.75,0,0,0,0,21-FEB-2022,
OPTIDX,BANKNIFTY,10-Mar-2022,43200,CE,0,0,0,366,20.7,0,0,0,0,21-FEB-2022,
OPTIDX,BANKNIFTY,10-Mar-2022,43300,CE,0,0,0,350.2,18.85,0,0,0,0,21-FEB-2022,
OPTIDX,BANKNIFTY,10-Mar-2022,32900,PE,0,0,0,240.5,16,0,0,0,0,21-FEB-2022,
OPTIDX,BANKNIFTY,10-Mar-2022,33000,PE,0,0,0,254.8,18.15,0,0,0,0,21-FEB-2022,
OPTIDX,BANKNIFTY,10-Mar-2022,33100,PE,0,0,0,269.75,20.55,0,0,0,0,21-FEB-2022,
OPTIDX,BANKNIFTY,10-Mar-2022,33200,PE,0,0,0,285.35,23.2,0,0,0,0,21-FEB-2022,
OPTIDX,BANKNIFTY,10-Mar-2022,33300,PE,0,0,0,301.65,26.2,0,0,0,0,21-FEB-2022,
OPTIDX,BANKNIFTY,10-Mar-2022,33400,PE,0,0,0,318.65,29.45,0,0,0,0,21-FEB-2022,
OPTIDX,BANKNIFTY,10-Mar-2022,33500,PE,0,0,0,443.65,33.1,0,0,0,0,21-FEB-2022,
OPTIDX,BANKNIFTY,10-Mar-2022,33600,PE,0,0,0,463.4,37.1,0,0,0,0,21-FEB-2022,
OPTIDX,BANKNIFTY,10-Mar-2022,33700,PE,0,0,0,483.85,41.5,0,0,0,0,21-FEB-2022,
OPTIDX,BANKNIFTY,10-Mar-2022,33800,PE,0,0,0,504.9,46.35,0,0,0,0,21-FEB-2022,
OPTIDX,BANKNIFTY,10-Mar-2022,33900,PE,0,0,0,526.6,51.65,0,0,0,0,21-FEB-2022,
OPTIDX,BANKNIFTY,10-Mar-2022,34000,PE,0,0,0,549,57.45,0,0,0,0,21-FEB-2022,
OPTIDX,BANKNIFTY,10-Mar-2022,34100,PE,0,0,0,572.1,63.8,0,0,0,0,21-FEB-2022,
OPTIDX,BANKNIFTY,10-Mar-2022,34200,PE,0,0,0,595.85,70.7,0,0,0,0,21-FEB-2022,
OPTIDX,BANKNIFTY,10-Mar-2022,34300,PE,0,0,0,620.3,78.2,0,0,0,0,21-FEB-2022,
OPTIDX,BANKNIFTY,10-Mar-2022,34400,PE,0,0,0,646.8,86.35,0,0,0,0,21-FEB-2022,
OPTIDX,BANKNIFTY,10-Mar-2022,34500,PE,206.5,227.55,124.9,170.45,170.45,44,381.57,450,450,21-FEB-2022,
OPTIDX,BANKNIFTY,10-Mar-2022,34600,PE,0,0,0,699.1,104.75,0,0,0,0,21-FEB-2022,
OPTIDX,BANKNIFTY,10-Mar-2022,34700,PE,0,0,0,726.35,115.05,0,0,0,0,21-FEB-2022,
OPTIDX,BANKNIFTY,10-Mar-2022,34800,PE,0,0,0,754.3,126.15,0,0,0,0,21-FEB-2022,
OPTIDX,BANKNIFTY,10-Mar-2022,34900,PE,0,0,0,783.05,138.15,0,0,0,0,21-FEB-2022,
OPTIDX,BANKNIFTY,10-Mar-2022,35000,PE,283.35,308,176.45,231.55,231.55,413,3638.05,3275,3225,21-FEB-2022,
OPTIDX,BANKNIFTY,10-Mar-2022,35100,PE,0,0,0,841.4,164.7,0,0,0,0,21-FEB-2022,
OPTIDX,BANKNIFTY,10-Mar-2022,35200,PE,0,0,0,872.55,179.45,0,0,0,0,21-FEB-2022,
OPTIDX,BANKNIFTY,10-Mar-2022,35300,PE,0,0,0,904.45,195.2,0,0,0,0,21-FEB-2022,
OPTIDX,BANKNIFTY,10-Mar-2022,35400,PE,0,0,0,937.15,211.95,0,0,0,0,21-FEB-2022,
OPTIDX,BANKNIFTY,10-Mar-2022,35500,PE,342.45,379.65,247,294.6,294.6,66,590.81,575,575,21-FEB-2022,
OPTIDX,BANKNIFTY,10-Mar-2022,35600,PE,0,0,0,1004.9,248.8,0,0,0,0,21-FEB-2022,
OPTIDX,BANKNIFTY,10-Mar-2022,35700,PE,0,0,0,1039.95,269,0,0,0,0,21-FEB-2022,
OPTIDX,BANKNIFTY,10-Mar-2022,35800,PE,394.1,394.1,355,355,290.35,3,27.13,25,25,21-FEB-2022,
OPTIDX,BANKNIFTY,10-Mar-2022,35900,PE,494.6,512.5,365.65,374.35,374.35,7,63.59,25,25,21-FEB-2022,
OPTIDX,BANKNIFTY,10-Mar-2022,36000,PE,407.85,518,329.1,406.5,406.5,509,4632.76,5875,4725,21-FEB-2022,
OPTIDX,BANKNIFTY,10-Mar-2022,36100,PE,0,0,0,1188.2,363.45,0,0,0,0,21-FEB-2022,
OPTIDX,BANKNIFTY,10-Mar-2022,36200,PE,0,0,0,1227.25,389.8,0,0,0,0,21-FEB-2022,
OPTIDX,BANKNIFTY,10-Mar-2022,36300,PE,678.55,862.25,342.95,600,416.2,31,285.61,75,75,21-FEB-2022,
OPTIDX,BANKNIFTY,10-Mar-2022,36400,PE,0,0,0,1307.9,445.55,0,0,0,0,21-FEB-2022,
OPTIDX,BANKNIFTY,10-Mar-2022,36500,PE,594.1,670.95,435,532,532,177,1639.83,1725,0,21-FEB-2022,
OPTIDX,BANKNIFTY,10-Mar-2022,36600,PE,0,0,0,1391.8,508.7,0,0,0,0,21-FEB-2022,
OPTIDX,BANKNIFTY,10-Mar-2022,36700,PE,761.55,761.55,708.35,708.35,542.5,6,56.15,75,75,21-FEB-2022,
OPTIDX,BANKNIFTY,10-Mar-2022,36800,PE,687,687,591.55,609.15,609.15,6,56.14,50,50,21-FEB-2022,
OPTIDX,BANKNIFTY,10-Mar-2022,36900,PE,722.6,800,515.3,515.3,614.65,10,93.96,125,25,21-FEB-2022,
OPTIDX,BANKNIFTY,10-Mar-2022,37000,PE,757.6,862.95,561.65,680.35,680.35,792,7460.91,5575,3250,21-FEB-2022,
OPTIDX,BANKNIFTY,10-Mar-2022,37100,PE,850,916.95,686.8,686.8,686.8,40,379.51,175,50,21-FEB-2022,
OPTIDX,BANKNIFTY,10-Mar-2022,37200,PE,885,930.9,632.45,748,748,37,351.7,275,25,21-FEB-2022,
OPTIDX,BANKNIFTY,10-Mar-2022,37300,PE,922,1003.8,645,806,777.65,63,600.77,350,-50,21-FEB-2022,
OPTIDX,BANKNIFTY,10-Mar-2022,37400,PE,946.15,1023.9,692.1,835.65,835.65,103,985.47,575,200,21-FEB-2022,
OPTIDX,BANKNIFTY,10-Mar-2022,37500,PE,938.95,1095.75,731,875,875,659,6319.48,3750,1375,21-FEB-2022,
OPTIDX,BANKNIFTY,10-Mar-2022,37600,PE,1008.85,1112.4,772,918.25,918.25,100,962.37,600,-75,21-FEB-2022,
OPTIDX,BANKNIFTY,10-Mar-2022,37700,PE,1029.15,1148.05,810.05,955.45,955.45,217,2095.63,850,475,21-FEB-2022,
OPTIDX,BANKNIFTY,10-Mar-2022,37800,PE,1092.05,1204.9,853.7,980.95,980.95,202,1957.98,1175,600,21-FEB-2022,
OPTIDX,BANKNIFTY,10-Mar-2022,37900,PE,1100,1219,897,1029.85,1029.85,112,1088.17,900,25,21-FEB-2022,
OPTIDX,BANKNIFTY,10-Mar-2022,38000,PE,1260,1367.85,925,1105.95,1105.95,340,3317.36,2775,1175,21-FEB-2022,
OPTIDX,BANKNIFTY,10-Mar-2022,38100,PE,1343,1343,985,1112,1179.95,26,255.09,400,100,21-FEB-2022,
OPTIDX,BANKNIFTY,10-Mar-2022,38200,PE,1066.9,1240,1037,1161,1237.35,11,108.19,200,125,21-FEB-2022,
OPTIDX,BANKNIFTY,10-Mar-2022,38300,PE,1348.6,1483.8,1348.6,1483.8,1296.35,4,39.71,100,0,21-FEB-2022,
OPTIDX,BANKNIFTY,10-Mar-2022,38400,PE,1411.45,1500,1128,1292.45,1356.8,27,267.73,425,275,21-FEB-2022,
OPTIDX,BANKNIFTY,10-Mar-2022,38500,PE,1452.6,1606,1177,1375,1375,95,945.71,450,125,21-FEB-2022,
OPTIDX,BANKNIFTY,10-Mar-2022,38600,PE,0,0,0,2409.8,1482.25,0,0,0,0,21-FEB-2022,
OPTIDX,BANKNIFTY,10-Mar-2022,38700,PE,0,0,0,2469.05,1547.15,0,0,0,0,21-FEB-2022,
OPTIDX,BANKNIFTY,10-Mar-2022,38800,PE,0,0,0,2529.1,1613.5,0,0,0,0,21-FEB-2022,
OPTIDX,BANKNIFTY,10-Mar-2022,38900,PE,0,0,0,1736.4,1681.25,0,0,0,0,21-FEB-2022,
OPTIDX,BANKNIFTY,10-Mar-2022,39000,PE,1926.05,1926.05,1448.85,1670.9,1670.9,42,427.62,1125,600,21-FEB-2022,
OPTIDX,BANKNIFTY,10-Mar-2022,39100,PE,0,0,0,2713.65,1820.85,0,0,0,0,21-FEB-2022,
OPTIDX,BANKNIFTY,10-Mar-2022,39200,PE,0,0,0,2776.65,1892.65,0,0,0,0,21-FEB-2022,
OPTIDX,BANKNIFTY,10-Mar-2022,39300,PE,0,0,0,2840.4,1965.7,0,0,0,0,21-FEB-2022,
OPTIDX,BANKNIFTY,10-Mar-2022,39400,PE,0,0,0,2904.85,2041.75,0,0,0,0,21-FEB-2022,
OPTIDX,BANKNIFTY,10-Mar-2022,39500,PE,0,0,0,2585.05,2117.5,0,0,25,0,21-FEB-2022,
OPTIDX,BANKNIFTY,10-Mar-2022,39600,PE,0,0,0,3035.95,2192.75,0,0,0,0,21-FEB-2022,
OPTIDX,BANKNIFTY,10-Mar-2022,39700,PE,0,0,0,3102.55,2270.65,0,0,0,0,21-FEB-2022,
OPTIDX,BANKNIFTY,10-Mar-2022,39800,PE,0,0,0,3169.8,2349.65,0,0,0,0,21-FEB-2022,
OPTIDX,BANKNIFTY,10-Mar-2022,39900,PE,0,0,0,3237.8,2429.7,0,0,0,0,21-FEB-2022,
OPTIDX,BANKNIFTY,10-Mar-2022,40000,PE,2218.9,2390,2207,2390,2510.75,16,169.04,375,300,21-FEB-2022,
OPTIDX,BANKNIFTY,10-Mar-2022,40100,PE,0,0,0,3375.75,2592.85,0,0,0,0,21-FEB-2022,
OPTIDX,BANKNIFTY,10-Mar-2022,40200,PE,0,0,0,3445.75,2675.85,0,0,0,0,21-FEB-2022,
OPTIDX,BANKNIFTY,10-Mar-2022,40300,PE,0,0,0,3516.4,2759.85,0,0,0,0,21-FEB-2022,
OPTIDX,BANKNIFTY,10-Mar-2022,40400,PE,0,0,0,3587.65,2844.65,0,0,0,0,21-FEB-2022,
OPTIDX,BANKNIFTY,10-Mar-2022,40500,PE,0,0,0,3659.6,2930.35,0,0,0,0,21-FEB-2022,
OPTIDX,BANKNIFTY,10-Mar-2022,40600,PE,0,0,0,3732.1,3016.85,0,0,0,0,21-FEB-2022,
OPTIDX,BANKNIFTY,10-Mar-2022,40700,PE,0,0,0,3805.3,3104.15,0,0,0,0,21-FEB-2022,
OPTIDX,BANKNIFTY,10-Mar-2022,40800,PE,0,0,0,3879.05,3192.2,0,0,0,0,21-FEB-2022,
OPTIDX,BANKNIFTY,10-Mar-2022,40900,PE,0,0,0,3955.2,3280.95,0,0,0,0,21-FEB-2022,
OPTIDX,BANKNIFTY,10-Mar-2022,41000,PE,0,0,0,4030.3,3370.35,0,0,0,0,21-FEB-2022,
OPTIDX,BANKNIFTY,10-Mar-2022,41100,PE,0,0,0,4105.95,3460.45,0,0,0,0,21-FEB-2022,
OPTIDX,BANKNIFTY,10-Mar-2022,41200,PE,0,0,0,4182.2,3551.15,0,0,0,0,21-FEB-2022,
OPTIDX,BANKNIFTY,10-Mar-2022,41300,PE,0,0,0,4259,3642.4,0,0,0,0,21-FEB-2022,
OPTIDX,BANKNIFTY,10-Mar-2022,41400,PE,0,0,0,4336.35,3734.25,0,0,0,0,21-FEB-2022,
OPTIDX,BANKNIFTY,10-Mar-2022,41500,PE,0,0,0,4412.7,3826.6,0,0,0,0,21-FEB-2022,
OPTIDX,BANKNIFTY,10-Mar-2022,41600,PE,0,0,0,4275.85,3919.45,0,0,0,0,21-FEB-2022,
OPTIDX,BANKNIFTY,10-Mar-2022,41700,PE,0,0,0,4352.35,4012.75,0,0,0,0,21-FEB-2022,
OPTIDX,BANKNIFTY,10-Mar-2022,41800,PE,0,0,0,3970.95,4106.55,0,0,0,0,21-FEB-2022,
OPTIDX,BANKNIFTY,10-Mar-2022,41900,PE,0,0,0,4046.65,4200.75,0,0,0,0,21-FEB-2022,
OPTIDX,BANKNIFTY,10-Mar-2022,42000,PE,0,0,0,4122.9,4295.3,0,0,0,0,21-FEB-2022,
OPTIDX,BANKNIFTY,10-Mar-2022,42100,PE,0,0,0,4199.7,4390.3,0,0,0,0,21-FEB-2022,
OPTIDX,BANKNIFTY,10-Mar-2022,42200,PE,0,0,0,4277.1,4485.6,0,0,0,0,21-FEB-2022,
OPTIDX,BANKNIFTY,10-Mar-2022,42300,PE,0,0,0,4353.45,4581.25,0,0,0,0,21-FEB-2022,
OPTIDX,BANKNIFTY,10-Mar-2022,42400,PE,0,0,0,4351.8,4677.2,0,0,0,0,21-FEB-2022,
OPTIDX,BANKNIFTY,10-Mar-2022,42500,PE,0,0,0,4205.4,4773.4,0,0,0,0,21-FEB-2022,
OPTIDX,BANKNIFTY,10-Mar-2022,42600,PE,0,0,0,4281.6,4869.9,0,0,0,0,21-FEB-2022,
OPTIDX,BANKNIFTY,10-Mar-2022,42700,PE,0,0,0,4359.8,4966.7,0,0,0,0,21-FEB-2022,
OPTIDX,BANKNIFTY,10-Mar-2022,42800,PE,0,0,0,3726.95,5063.65,0,0,0,0,21-FEB-2022,
OPTIDX,BANKNIFTY,10-Mar-2022,42900,PE,0,0,0,3808.3,5160.9,0,0,0,0,21-FEB-2022,
OPTIDX,BANKNIFTY,10-Mar-2022,43000,PE,0,0,0,3890.25,5258.3,0,0,0,0,21-FEB-2022,
OPTIDX,BANKNIFTY,10-Mar-2022,43100,PE,0,0,0,3972.85,5355.9,0,0,0,0,21-FEB-2022,
OPTIDX,BANKNIFTY,10-Mar-2022,43200,PE,0,0,0,4056.05,5453.7,0,0,0,0,21-FEB-2022,
OPTIDX,BANKNIFTY,10-Mar-2022,43300,PE,0,0,0,4139.85,5551.65,0,0,0,0,21-FEB-2022,
OPTIDX,BANKNIFTY,17-Mar-2022,32900,CE,0,0,0,4541.55,4916.85,0,0,0,0,21-FEB-2022,
OPTIDX,BANKNIFTY,17-Mar-2022,33000,CE,0,0,0,4458.2,4821.6,0,0,0,0,21-FEB-2022,
OPTIDX,BANKNIFTY,17-Mar-2022,33100,CE,0,0,0,4375.45,4726.65,0,0,0,0,21-FEB-2022,
OPTIDX,BANKNIFTY,17-Mar-2022,33200,CE,0,0,0,4293.4,4632.15,0,0,0,0,21-FEB-2022,
OPTIDX,BANKNIFTY,17-Mar-2022,33300,CE,0,0,0,4212.05,4538.05,0,0,0,0,21-FEB-2022,
OPTIDX,BANKNIFTY,17-Mar-2022,33400,CE,0,0,0,4131.35,4444.4,0,0,0,0,21-FEB-2022,
OPTIDX,BANKNIFTY,17-Mar-2022,33500,CE,0,0,0,4051.4,4351.2,0,0,0,0,21-FEB-2022,
OPTIDX,BANKNIFTY,17-Mar-2022,33600,CE,0,0,0,4512.5,4258.55,0,0,0,0,21-FEB-2022,
OPTIDX,BANKNIFTY,17-Mar-2022,33700,CE,0,0,0,4430.3,4166.4,0,0,0,0,21-FEB-2022,
OPTIDX,BANKNIFTY,17-Mar-2022,33800,CE,0,0,0,4348.75,4074.75,0,0,0,0,21-FEB-2022,
OPTIDX,BANKNIFTY,17-Mar-2022,33900,CE,0,0,0,4544.65,3983.75,0,0,0,0,21-FEB-2022,
OPTIDX,BANKNIFTY,17-Mar-2022,34000,CE,0,0,0,4638.45,3893.3,0,0,0,0,21-FEB-2022,
OPTIDX,BANKNIFTY,17-Mar-2022,34100,CE,0,0,0,4557.2,3803.55,0,0,0,0,21-FEB-2022,
OPTIDX,BANKNIFTY,17-Mar-2022,34200,CE,0,0,0,4652.85,3714.4,0,0,0,0,21-FEB-2022,
OPTIDX,BANKNIFTY,17-Mar-2022,34300,CE,0,0,0,4572.45,3626,0,0,0,0,21-FEB-2022,
OPTIDX,BANKNIFTY,17-Mar-2022,34400,CE,0,0,0,4637.3,3538.3,0,0,0,0,21-FEB-2022,
OPTIDX,BANKNIFTY,17-Mar-2022,34500,CE,0,0,0,4681.8,3451.35,0,0,0,0,21-FEB-2022,
OPTIDX,BANKNIFTY,17-Mar-2022,34600,CE,0,0,0,4602.8,3365.15,0,0,0,0,21-FEB-2022,
OPTIDX,BANKNIFTY,17-Mar-2022,34700,CE,0,0,0,4524.45,3279.8,0,0,0,0,21-FEB-2022,
OPTIDX,BANKNIFTY,17-Mar-2022,34800,CE,0,0,0,4446.75,3195.3,0,0,0,0,21-FEB-2022,
OPTIDX,BANKNIFTY,17-Mar-2022,34900,CE,0,0,0,4369.7,3111.65,0,0,0,0,21-FEB-2022,
OPTIDX,BANKNIFTY,17-Mar-2022,35000,CE,0,0,0,4293.35,3028.95,0,0,0,0,21-FEB-2022,
OPTIDX,BANKNIFTY,17-Mar-2022,35100,CE,0,0,0,4217.65,2947.1,0,0,0,0,21-FEB-2022,
OPTIDX,BANKNIFTY,17-Mar-2022,35200,CE,0,0,0,4142.6,2866.3,0,0,0,0,21-FEB-2022,
OPTIDX,BANKNIFTY,17-Mar-2022,35300,CE,0,0,0,4069.7,2786.4,0,0,0,0,21-FEB-2022,
OPTIDX,BANKNIFTY,17-Mar-2022,35400,CE,0,0,0,3995.95,2707.6,0,0,0,0,21-FEB-2022,
OPTIDX,BANKNIFTY,17-Mar-2022,35500,CE,0,0,0,3922.95,2629.8,0,0,0,0,21-FEB-2022,
OPTIDX,BANKNIFTY,17-Mar-2022,35600,CE,0,0,0,3850.6,2553.05,0,0,0,0,21-FEB-2022,
OPTIDX,BANKNIFTY,17-Mar-2022,35700,CE,0,0,0,3779.05,2477.4,0,0,0,0,21-FEB-2022,
OPTIDX,BANKNIFTY,17-Mar-2022,35800,CE,0,0,0,3708.2,2404.25,0,0,0,0,21-FEB-2022,
OPTIDX,BANKNIFTY,17-Mar-2022,35900,CE,0,0,0,3636.55,2330.7,0,0,0,0,21-FEB-2022,
OPTIDX,BANKNIFTY,17-Mar-2022,36000,CE,0,0,0,3567.3,2256.85,0,0,0,0,21-FEB-2022,
OPTIDX,BANKNIFTY,17-Mar-2022,36100,CE,0,0,0,3498.8,2185.85,0,0,0,0,21-FEB-2022,
OPTIDX,BANKNIFTY,17-Mar-2022,36200,CE,0,0,0,3431.1,2116.05,0,0,0,0,21-FEB-2022,
OPTIDX,BANKNIFTY,17-Mar-2022,36300,CE,0,0,0,3364.1,2047.5,0,0,0,0,21-FEB-2022,
OPTIDX,BANKNIFTY,17-Mar-2022,36400,CE,0,0,0,3297.9,1980.2,0,0,0,0,21-FEB-2022,
OPTIDX,BANKNIFTY,17-Mar-2022,36500,CE,0,0,0,3232.5,1914.15,0,0,0,0,21-FEB-2022,
OPTIDX,BANKNIFTY,17-Mar-2022,36600,CE,0,0,0,3167.85,1849.4,0,0,0,0,21-FEB-2022,
OPTIDX,BANKNIFTY,17-Mar-2022,36700,CE,0,0,0,3104,1785.95,0,0,0,0,21-FEB-2022,
OPTIDX,BANKNIFTY,17-Mar-2022,36800,CE,0,0,0,3040.9,1723.75,0,0,0,0,21-FEB-2022,
OPTIDX,BANKNIFTY,17-Mar-2022,36900,CE,0,0,0,2978.65,1662.9,0,0,0,0,21-FEB-2022,
OPTIDX,BANKNIFTY,17-Mar-2022,37000,CE,1385.3,1385.3,1385.3,1385.3,1603.4,1,9.59,50,25,21-FEB-2022,
OPTIDX,BANKNIFTY,17-Mar-2022,37100,CE,0,0,0,2856.45,1545.2,0,0,0,0,21-FEB-2022,
OPTIDX,BANKNIFTY,17-Mar-2022,37200,CE,0,0,0,2796.55,1488.35,0,0,0,0,21-FEB-2022,
OPTIDX,BANKNIFTY,17-Mar-2022,37300,CE,0,0,0,2737.45,1432.85,0,0,0,0,21-FEB-2022,
OPTIDX,BANKNIFTY,17-Mar-2022,37400,CE,0,0,0,2679.15,1378.65,0,0,0,0,21-FEB-2022,
OPTIDX,BANKNIFTY,17-Mar-2022,37500,CE,967.85,1300,967.85,1300,1325.85,3,28.93,50,25,21-FEB-2022,
OPTIDX,BANKNIFTY,17-Mar-2022,37600,CE,0,0,0,2565,1274.4,0,0,0,0,21-FEB-2022,
OPTIDX,BANKNIFTY,17-Mar-2022,37700,CE,0,0,0,2509.1,1224.1,0,0,0,0,21-FEB-2022,
OPTIDX,BANKNIFTY,17-Mar-2022,37800,CE,0,0,0,2454.05,1175.3,0,0,0,0,21-FEB-2022,
OPTIDX,BANKNIFTY,17-Mar-2022,37900,CE,367.85,1032.6,367.85,1032.6,1127.85,2,19.3,25,25,21-FEB-2022,
OPTIDX,BANKNIFTY,17-Mar-2022,38000,CE,0,0,0,2346.35,1081.75,0,0,0,0,21-FEB-2022,
OPTIDX,BANKNIFTY,17-Mar-2022,38100,CE,0,0,0,2293.7,1036.95,0,0,0,0,21-FEB-2022,
OPTIDX,BANKNIFTY,17-Mar-2022,38200,CE,0,0,0,2241.85,993.45,0,0,0,0,21-FEB-2022,
OPTIDX,BANKNIFTY,17-Mar-2022,38300,CE,0,0,0,2190.85,951.3,0,0,0,0,21-FEB-2022,
OPTIDX,BANKNIFTY,17-Mar-2022,38400,CE,0,0,0,2140.6,910.4,0,0,0,0,21-FEB-2022,
OPTIDX,BANKNIFTY,17-Mar-2022,38500,CE,0,0,0,2091,870.8,0,0,0,0,21-FEB-2022,
OPTIDX,BANKNIFTY,17-Mar-2022,38600,CE,0,0,0,2042.4,832.45,0,0,0,0,21-FEB-2022,
OPTIDX,BANKNIFTY,17-Mar-2022,38700,CE,0,0,0,1994.55,795.35,0,0,0,0,21-FEB-2022,
OPTIDX,BANKNIFTY,17-Mar-2022,38800,CE,0,0,0,100.1,759.5,0,0,50,0,21-FEB-2022,
OPTIDX,BANKNIFTY,17-Mar-2022,38900,CE,0,0,0,1901.25,724.85,0,0,0,0,21-FEB-2022,
OPTIDX,BANKNIFTY,17-Mar-2022,39000,CE,400,757.75,400,586.45,691.4,16,158.17,300,150,21-FEB-2022,
OPTIDX,BANKNIFTY,17-Mar-2022,39100,CE,0,0,0,1811.1,659.15,0,0,0,0,21-FEB-2022,
OPTIDX,BANKNIFTY,17-Mar-2022,39200,CE,0,0,0,1767.2,628,0,0,0,0,21-FEB-2022,
OPTIDX,BANKNIFTY,17-Mar-2022,39300,CE,0,0,0,1724.1,598.05,0,0,0,0,21-FEB-2022,
OPTIDX,BANKNIFTY,17-Mar-2022,39400,CE,0,0,0,1681.75,569.15,0,0,0,0,21-FEB-2022,
OPTIDX,BANKNIFTY,17-Mar-2022,39500,CE,360,360,360,360,541.4,1,9.96,250,25,21-FEB-2022,
OPTIDX,BANKNIFTY,17-Mar-2022,39600,CE,0,0,0,1599.35,514.7,0,0,0,0,21-FEB-2022,
OPTIDX,BANKNIFTY,17-Mar-2022,39700,CE,0,0,0,1559.25,490.65,0,0,0,0,21-FEB-2022,
OPTIDX,BANKNIFTY,17-Mar-2022,39800,CE,0,0,0,340,466.2,0,0,25,0,21-FEB-2022,
OPTIDX,BANKNIFTY,17-Mar-2022,39900,CE,0,0,0,1481.35,442.75,0,0,0,0,21-FEB-2022,
OPTIDX,BANKNIFTY,17-Mar-2022,40000,CE,189.9,320,166.85,318,418.6,16,161.04,500,25,21-FEB-2022,
OPTIDX,BANKNIFTY,17-Mar-2022,40100,CE,0,0,0,1406.45,396.9,0,0,0,0,21-FEB-2022,
OPTIDX,BANKNIFTY,17-Mar-2022,40200,CE,0,0,0,1370.05,376.1,0,0,0,0,21-FEB-2022,
OPTIDX,BANKNIFTY,17-Mar-2022,40300,CE,0,0,0,1334.4,356.2,0,0,0,0,21-FEB-2022,
OPTIDX,BANKNIFTY,17-Mar-2022,40400,CE,0,0,0,1299.45,337.15,0,0,0,0,21-FEB-2022,
OPTIDX,BANKNIFTY,17-Mar-2022,40500,CE,0,0,0,1265.2,318.95,0,0,0,0,21-FEB-2022,
OPTIDX,BANKNIFTY,17-Mar-2022,40600,CE,0,0,0,1231.65,301.55,0,0,0,0,21-FEB-2022,
OPTIDX,BANKNIFTY,17-Mar-2022,40700,CE,0,0,0,1198.85,284.95,0,0,0,0,21-FEB-2022,
OPTIDX,BANKNIFTY,17-Mar-2022,40800,CE,0,0,0,1166.65,269.15,0,0,0,0,21-FEB-2022,
OPTIDX,BANKNIFTY,17-Mar-2022,40900,CE,0,0,0,1135.2,254.05,0,0,0,0,21-FEB-2022,
OPTIDX,BANKNIFTY,17-Mar-2022,41000,CE,0,0,0,1104.35,239.65,0,0,0,0,21-FEB-2022,
OPTIDX,BANKNIFTY,17-Mar-2022,41100,CE,0,0,0,1074.2,225.95,0,0,0,0,21-FEB-2022,
OPTIDX,BANKNIFTY,17-Mar-2022,41200,CE,0,0,0,1044.7,212.95,0,0,0,0,21-FEB-2022,
OPTIDX,BANKNIFTY,17-Mar-2022,41300,CE,0,0,0,1015.85,200.55,0,0,0,0,21-FEB-2022,
OPTIDX,BANKNIFTY,17-Mar-2022,41400,CE,0,0,0,987.6,188.75,0,0,0,0,21-FEB-2022,
OPTIDX,BANKNIFTY,17-Mar-2022,41500,CE,0,0,0,960,177.6,0,0,0,0,21-FEB-2022,
OPTIDX,BANKNIFTY,17-Mar-2022,41600,CE,0,0,0,100,166.95,0,0,50,0,21-FEB-2022,
OPTIDX,BANKNIFTY,17-Mar-2022,41700,CE,0,0,0,906.7,156.9,0,0,0,0,21-FEB-2022,
OPTIDX,BANKNIFTY,17-Mar-2022,41800,CE,0,0,0,880.9,147.35,0,0,0,0,21-FEB-2022,
OPTIDX,BANKNIFTY,17-Mar-2022,41900,CE,0,0,0,857.5,138.3,0,0,0,0,21-FEB-2022,
OPTIDX,BANKNIFTY,17-Mar-2022,42000,CE,0,0,0,833.05,129.75,0,0,0,0,21-FEB-2022,
OPTIDX,BANKNIFTY,17-Mar-2022,42100,CE,0,0,0,809.2,121.7,0,0,0,0,21-FEB-2022,
OPTIDX,BANKNIFTY,17-Mar-2022,42200,CE,0,0,0,785.85,114.05,0,0,0,0,21-FEB-2022,
OPTIDX,BANKNIFTY,17-Mar-2022,42300,CE,0,0,0,763.1,106.8,0,0,0,0,21-FEB-2022,
OPTIDX,BANKNIFTY,17-Mar-2022,42400,CE,0,0,0,740.9,100,0,0,0,0,21-FEB-2022,
OPTIDX,BANKNIFTY,17-Mar-2022,42500,CE,0,0,0,719.25,93.55,0,0,0,0,21-FEB-2022,
OPTIDX,BANKNIFTY,17-Mar-2022,42600,CE,0,0,0,589.3,87.45,0,0,0,0,21-FEB-2022,
OPTIDX,BANKNIFTY,17-Mar-2022,42700,CE,0,0,0,567.7,81.75,0,0,0,0,21-FEB-2022,
OPTIDX,BANKNIFTY,17-Mar-2022,42800,CE,0,0,0,546.8,76.35,0,0,0,0,21-FEB-2022,
OPTIDX,BANKNIFTY,17-Mar-2022,42900,CE,0,0,0,526.5,71.3,0,0,0,0,21-FEB-2022,
OPTIDX,BANKNIFTY,17-Mar-2022,43000,CE,0,0,0,506.8,66.5,0,0,0,0,21-FEB-2022,
OPTIDX,BANKNIFTY,17-Mar-2022,43100,CE,0,0,0,463,62.05,0,0,25,0,21-FEB-2022,
OPTIDX,BANKNIFTY,17-Mar-2022,43200,CE,0,0,0,520,57.85,0,0,25,0,21-FEB-2022,
OPTIDX,BANKNIFTY,17-Mar-2022,43300,CE,0,0,0,451.4,53.85,0,0,0,0,21-FEB-2022,
OPTIDX,BANKNIFTY,17-Mar-2022,32900,PE,0,0,0,297.7,43.8,0,0,0,0,21-FEB-2022,
OPTIDX,BANKNIFTY,17-Mar-2022,33000,PE,0,0,0,313.75,48.2,0,0,0,0,21-FEB-2022,
OPTIDX,BANKNIFTY,17-Mar-2022,33100,PE,0,0,0,330.45,53.05,0,0,0,0,21-FEB-2022,
OPTIDX,BANKNIFTY,17-Mar-2022,33200,PE,0,0,0,347.8,58.25,0,0,0,0,21-FEB-2022,
OPTIDX,BANKNIFTY,17-Mar-2022,33300,PE,0,0,0,365.85,63.9,0,0,0,0,21-FEB-2022,
OPTIDX,BANKNIFTY,17-Mar-2022,33400,PE,0,0,0,384.55,70,0,0,0,0,21-FEB-2022,
OPTIDX,BANKNIFTY,17-Mar-2022,33500,PE,0,0,0,404,76.55,0,0,0,0,21-FEB-2022,
OPTIDX,BANKNIFTY,17-Mar-2022,33600,PE,0,0,0,334.4,83.6,0,0,25,0,21-FEB-2022,
OPTIDX,BANKNIFTY,17-Mar-2022,33700,PE,0,0,0,351.6,91.15,0,0,0,0,21-FEB-2022,
OPTIDX,BANKNIFTY,17-Mar-2022,33800,PE,0,0,0,369.4,99.3,0,0,0,0,21-FEB-2022,
OPTIDX,BANKNIFTY,17-Mar-2022,33900,PE,0,0,0,376.6,108,0,0,0,0,21-FEB-2022,
OPTIDX,BANKNIFTY,17-Mar-2022,34000,PE,0,0,0,377.45,117.3,0,0,0,0,21-FEB-2022,
OPTIDX,BANKNIFTY,17-Mar-2022,34100,PE,0,0,0,395.55,127.25,0,0,0,0,21-FEB-2022,
OPTIDX,BANKNIFTY,17-Mar-2022,34200,PE,0,0,0,410.8,137.85,0,0,0,0,21-FEB-2022,
OPTIDX,BANKNIFTY,17-Mar-2022,34300,PE,0,0,0,429.75,149.15,0,0,0,0,21-FEB-2022,
OPTIDX,BANKNIFTY,17-Mar-2022,34400,PE,0,0,0,435.85,161.2,0,0,0,0,21-FEB-2022,
OPTIDX,BANKNIFTY,17-Mar-2022,34500,PE,0,0,0,469.15,174,0,0,0,0,21-FEB-2022,
OPTIDX,BANKNIFTY,17-Mar-2022,34600,PE,0,0,0,489.45,187.55,0,0,0,0,21-FEB-2022,
OPTIDX,BANKNIFTY,17-Mar-2022,34700,PE,0,0,0,510.4,201.95,0,0,0,0,21-FEB-2022,
OPTIDX,BANKNIFTY,17-Mar-2022,34800,PE,0,0,0,532,217.15,0,0,0,0,21-FEB-2022,
OPTIDX,BANKNIFTY,17-Mar-2022,34900,PE,0,0,0,554.25,233.25,0,0,0,0,21-FEB-2022,
OPTIDX,BANKNIFTY,17-Mar-2022,35000,PE,0,0,0,577.2,250.25,0,0,0,0,21-FEB-2022,
OPTIDX,BANKNIFTY,17-Mar-2022,35100,PE,0,0,0,600.8,268.2,0,0,0,0,21-FEB-2022,
OPTIDX,BANKNIFTY,17-Mar-2022,35200,PE,0,0,0,625.05,287.05,0,0,0,0,21-FEB-2022,
OPTIDX,BANKNIFTY,17-Mar-2022,35300,PE,0,0,0,651.45,306.95,0,0,0,0,21-FEB-2022,
OPTIDX,BANKNIFTY,17-Mar-2022,35400,PE,0,0,0,677,327.85,0,0,0,0,21-FEB-2022,
OPTIDX,BANKNIFTY,17-Mar-2022,35500,PE,0,0,0,703.25,349.75,0,0,0,0,21-FEB-2022,
OPTIDX,BANKNIFTY,17-Mar-2022,35600,PE,0,0,0,730.25,372.75,0,0,0,0,21-FEB-2022,
OPTIDX,BANKNIFTY,17-Mar-2022,35700,PE,0,0,0,757.95,396.85,0,0,0,0,21-FEB-2022,
OPTIDX,BANKNIFTY,17-Mar-2022,35800,PE,0,0,0,786.4,423.45,0,0,0,0,21-FEB-2022,
OPTIDX,BANKNIFTY,17-Mar-2022,35900,PE,0,0,0,814.05,449.65,0,0,0,0,21-FEB-2022,
OPTIDX,BANKNIFTY,17-Mar-2022,36000,PE,550,564.35,496.05,496.05,475.5,5,45.66,275,-50,21-FEB-2022,
OPTIDX,BANKNIFTY,17-Mar-2022,36100,PE,0,0,0,874.9,504.25,0,0,0,0,21-FEB-2022,
OPTIDX,BANKNIFTY,17-Mar-2022,36200,PE,0,0,0,906.5,534.2,0,0,0,0,21-FEB-2022,
OPTIDX,BANKNIFTY,17-Mar-2022,36300,PE,0,0,0,938.8,565.35,0,0,0,0,21-FEB-2022,
OPTIDX,BANKNIFTY,17-Mar-2022,36400,PE,0,0,0,971.9,597.8,0,0,0,0,21-FEB-2022,
OPTIDX,BANKNIFTY,17-Mar-2022,36500,PE,0,0,0,1005.8,631.5,0,0,0,0,21-FEB-2022,
OPTIDX,BANKNIFTY,17-Mar-2022,36600,PE,0,0,0,1040.45,666.45,0,0,0,0,21-FEB-2022,
OPTIDX,BANKNIFTY,17-Mar-2022,36700,PE,0,0,0,1075.85,702.75,0,0,0,0,21-FEB-2022,
OPTIDX,BANKNIFTY,17-Mar-2022,36800,PE,0,0,0,1112.1,740.3,0,0,0,0,21-FEB-2022,
OPTIDX,BANKNIFTY,17-Mar-2022,36900,PE,0,0,0,1149.1,779.2,0,0,0,0,21-FEB-2022,
OPTIDX,BANKNIFTY,17-Mar-2022,37000,PE,913.25,1000,760,797.85,797.85,6,56.79,125,125,21-FEB-2022,
OPTIDX,BANKNIFTY,17-Mar-2022,37100,PE,0,0,0,1225.5,860.95,0,0,0,0,21-FEB-2022,
OPTIDX,BANKNIFTY,17-Mar-2022,37200,PE,0,0,0,1264.9,903.8,0,0,0,0,21-FEB-2022,
OPTIDX,BANKNIFTY,17-Mar-2022,37300,PE,0,0,0,1305.1,948.05,0,0,0,0,21-FEB-2022,
OPTIDX,BANKNIFTY,17-Mar-2022,37400,PE,0,0,0,1346.1,993.6,0,0,0,0,21-FEB-2022,
OPTIDX,BANKNIFTY,17-Mar-2022,37500,PE,1098.65,1134.25,900,990,990,11,105.93,125,125,21-FEB-2022,
OPTIDX,BANKNIFTY,17-Mar-2022,37600,PE,0,0,0,373.85,1088.8,0,0,0,0,21-FEB-2022,
OPTIDX,BANKNIFTY,17-Mar-2022,37700,PE,0,0,0,1473.95,1138.25,0,0,0,0,21-FEB-2022,
OPTIDX,BANKNIFTY,17-Mar-2022,37800,PE,0,0,0,1518.2,1189.2,0,0,0,0,21-FEB-2022,
OPTIDX,BANKNIFTY,17-Mar-2022,37900,PE,0,0,0,1400,1241.45,0,0,0,0,21-FEB-2022,
OPTIDX,BANKNIFTY,17-Mar-2022,38000,PE,1299.5,1366.55,962.8,962.8,1295.1,7,68.71,75,50,21-FEB-2022,
OPTIDX,BANKNIFTY,17-Mar-2022,38100,PE,0,0,0,1655.75,1350,0,0,0,0,21-FEB-2022,
OPTIDX,BANKNIFTY,17-Mar-2022,38200,PE,0,0,0,1703.2,1406.3,0,0,0,0,21-FEB-2022,
OPTIDX,BANKNIFTY,17-Mar-2022,38300,PE,0,0,0,1751.45,1463.85,0,0,0,0,21-FEB-2022,
OPTIDX,BANKNIFTY,17-Mar-2022,38400,PE,0,0,0,605,1522.7,0,0,25,0,21-FEB-2022,
OPTIDX,BANKNIFTY,17-Mar-2022,38500,PE,0,0,0,1850.25,1582.8,0,0,0,0,21-FEB-2022,
OPTIDX,BANKNIFTY,17-Mar-2022,38600,PE,0,0,0,1900.9,1644.2,0,0,0,0,21-FEB-2022,
OPTIDX,BANKNIFTY,17-Mar-2022,38700,PE,0,0,0,1952.35,1706.85,0,0,0,0,21-FEB-2022,
OPTIDX,BANKNIFTY,17-Mar-2022,38800,PE,0,0,0,2004.6,1770.7,0,0,0,0,21-FEB-2022,
OPTIDX,BANKNIFTY,17-Mar-2022,38900,PE,0,0,0,2057.65,1835.8,0,0,0,0,21-FEB-2022,
OPTIDX,BANKNIFTY,17-Mar-2022,39000,PE,1500,1500,1500,1500,1902.1,1,10.12,25,25,21-FEB-2022,
OPTIDX,BANKNIFTY,17-Mar-2022,39100,PE,0,0,0,2166.1,1969.55,0,0,0,0,21-FEB-2022,
OPTIDX,BANKNIFTY,17-Mar-2022,39200,PE,0,0,0,2221.5,2038.15,0,0,0,0,21-FEB-2022,
OPTIDX,BANKNIFTY,17-Mar-2022,39300,PE,0,0,0,2277.7,2107.9,0,0,0,0,21-FEB-2022,
OPTIDX,BANKNIFTY,17-Mar-2022,39400,PE,0,0,0,2334.65,2178.8,0,0,0,0,21-FEB-2022,
OPTIDX,BANKNIFTY,17-Mar-2022,39500,PE,0,0,0,2392.35,2250.75,0,0,0,0,21-FEB-2022,
OPTIDX,BANKNIFTY,17-Mar-2022,39600,PE,0,0,0,2450.8,2323.75,0,0,0,0,21-FEB-2022,
OPTIDX,BANKNIFTY,17-Mar-2022,39700,PE,0,0,0,2510.05,2399.5,0,0,0,0,21-FEB-2022,
OPTIDX,BANKNIFTY,17-Mar-2022,39800,PE,0,0,0,2570,2474.75,0,0,0,0,21-FEB-2022,
OPTIDX,BANKNIFTY,17-Mar-2022,39900,PE,0,0,0,2630.75,2551.05,0,0,0,0,21-FEB-2022,
OPTIDX,BANKNIFTY,17-Mar-2022,40000,PE,0,0,0,2692.2,2626.65,0,0,0,0,21-FEB-2022,
OPTIDX,BANKNIFTY,17-Mar-2022,40100,PE,0,0,0,2754.4,2704.65,0,0,0,0,21-FEB-2022,
OPTIDX,BANKNIFTY,17-Mar-2022,40200,PE,0,0,0,2817.3,2783.6,0,0,0,0,21-FEB-2022,
OPTIDX,BANKNIFTY,17-Mar-2022,40300,PE,0,0,0,2880.95,2863.4,0,0,0,0,21-FEB-2022,
OPTIDX,BANKNIFTY,17-Mar-2022,40400,PE,0,0,0,2945.3,2944.1,0,0,0,0,21-FEB-2022,
OPTIDX,BANKNIFTY,17-Mar-2022,40500,PE,0,0,0,3010.35,3025.65,0,0,0,0,21-FEB-2022,
OPTIDX,BANKNIFTY,17-Mar-2022,40600,PE,0,0,0,3076.1,3108,0,0,0,0,21-FEB-2022,
OPTIDX,BANKNIFTY,17-Mar-2022,40700,PE,0,0,0,3142.55,3191.15,0,0,0,0,21-FEB-2022,
OPTIDX,BANKNIFTY,17-Mar-2022,40800,PE,0,0,0,3209.7,3275.05,0,0,0,0,21-FEB-2022,
OPTIDX,BANKNIFTY,17-Mar-2022,40900,PE,0,0,0,3277.5,3359.65,0,0,0,0,21-FEB-2022,
OPTIDX,BANKNIFTY,17-Mar-2022,41000,PE,0,0,0,3346,3445,0,0,0,0,21-FEB-2022,
OPTIDX,BANKNIFTY,17-Mar-2022,41100,PE,0,0,0,3415.15,3531.05,0,0,0,0,21-FEB-2022,
OPTIDX,BANKNIFTY,17-Mar-2022,41200,PE,0,0,0,3484.9,3617.75,0,0,0,0,21-FEB-2022,
OPTIDX,BANKNIFTY,17-Mar-2022,41300,PE,0,0,0,3555.35,3705.1,0,0,0,0,21-FEB-2022,
OPTIDX,BANKNIFTY,17-Mar-2022,41400,PE,0,0,0,3626.45,3793.05,0,0,0,0,21-FEB-2022,
OPTIDX,BANKNIFTY,17-Mar-2022,41500,PE,0,0,0,3698.15,3881.6,0,0,0,0,21-FEB-2022,
OPTIDX,BANKNIFTY,17-Mar-2022,41600,PE,0,0,0,3770.45,3970.75,0,0,0,0,21-FEB-2022,
OPTIDX,BANKNIFTY,17-Mar-2022,41700,PE,0,0,0,3843.4,4060.4,0,0,0,0,21-FEB-2022,
OPTIDX,BANKNIFTY,17-Mar-2022,41800,PE,0,0,0,3916.95,4150.6,0,0,0,0,21-FEB-2022,
OPTIDX,BANKNIFTY,17-Mar-2022,41900,PE,0,0,0,3992.8,4241.3,0,0,0,0,21-FEB-2022,
OPTIDX,BANKNIFTY,17-Mar-2022,42000,PE,0,0,0,4067.65,4332.45,0,0,0,0,21-FEB-2022,
OPTIDX,BANKNIFTY,17-Mar-2022,42100,PE,0,0,0,4143.05,4424.1,0,0,0,0,21-FEB-2022,
OPTIDX,BANKNIFTY,17-Mar-2022,42200,PE,0,0,0,4219.05,4516.2,0,0,0,0,21-FEB-2022,
OPTIDX,BANKNIFTY,17-Mar-2022,42300,PE,0,0,0,4295.6,4608.7,0,0,0,0,21-FEB-2022,
OPTIDX,BANKNIFTY,17-Mar-2022,42400,PE,0,0,0,4372.7,4701.6,0,0,0,0,21-FEB-2022,
OPTIDX,BANKNIFTY,17-Mar-2022,42500,PE,0,0,0,4450.35,4794.9,0,0,0,0,21-FEB-2022,
OPTIDX,BANKNIFTY,17-Mar-2022,42600,PE,0,0,0,3647.55,4888.6,0,0,0,0,21-FEB-2022,
OPTIDX,BANKNIFTY,17-Mar-2022,42700,PE,0,0,0,3725.45,4982.6,0,0,0,0,21-FEB-2022,
OPTIDX,BANKNIFTY,17-Mar-2022,42800,PE,0,0,0,3804.05,5076.95,0,0,0,0,21-FEB-2022,
OPTIDX,BANKNIFTY,17-Mar-2022,42900,PE,0,0,0,3883.25,5171.6,0,0,0,0,21-FEB-2022,
OPTIDX,BANKNIFTY,17-Mar-2022,43000,PE,0,0,0,3963.05,5266.55,0,0,0,0,21-FEB-2022,
OPTIDX,BANKNIFTY,17-Mar-2022,43100,PE,0,0,0,4043.5,5361.8,0,0,0,0,21-FEB-2022,
OPTIDX,BANKNIFTY,17-Mar-2022,43200,PE,0,0,0,4124.55,5457.35,0,0,0,0,21-FEB-2022,
OPTIDX,BANKNIFTY,17-Mar-2022,43300,PE,0,0,0,4206.15,5553.1,0,0,0,0,21-FEB-2022,
OPTIDX,BANKNIFTY,24-Mar-2022,32900,CE,0,0,0,4624.65,4983.95,0,0,0,0,21-FEB-2022,
OPTIDX,BANKNIFTY,24-Mar-2022,33000,CE,0,0,0,4542.9,4891,0,0,0,0,21-FEB-2022,
OPTIDX,BANKNIFTY,24-Mar-2022,33100,CE,0,0,0,4461.75,4798.55,0,0,0,0,21-FEB-2022,
OPTIDX,BANKNIFTY,24-Mar-2022,33200,CE,0,0,0,4381.3,4706.5,0,0,0,0,21-FEB-2022,
OPTIDX,BANKNIFTY,24-Mar-2022,33300,CE,0,0,0,4301.5,4615,0,0,0,0,21-FEB-2022,
OPTIDX,BANKNIFTY,24-Mar-2022,33400,CE,0,0,0,4222.35,4524,0,0,0,0,21-FEB-2022,
OPTIDX,BANKNIFTY,24-Mar-2022,33500,CE,0,0,0,4143.95,4433.55,0,0,0,0,21-FEB-2022,
OPTIDX,BANKNIFTY,24-Mar-2022,33600,CE,0,0,0,4599.05,4343.65,0,0,0,0,21-FEB-2022,
OPTIDX,BANKNIFTY,24-Mar-2022,33700,CE,0,0,0,4518.4,4254.35,0,0,0,0,21-FEB-2022,
OPTIDX,BANKNIFTY,24-Mar-2022,33800,CE,0,0,0,4438.4,4165.6,0,0,0,0,21-FEB-2022,
OPTIDX,BANKNIFTY,24-Mar-2022,33900,CE,0,0,0,4632.75,4077.55,0,0,0,0,21-FEB-2022,
OPTIDX,BANKNIFTY,24-Mar-2022,34000,CE,0,0,0,4553.2,3990.1,0,0,0,0,21-FEB-2022,
OPTIDX,BANKNIFTY,24-Mar-2022,34100,CE,0,0,0,4474.2,3903.35,0,0,0,0,21-FEB-2022,
OPTIDX,BANKNIFTY,24-Mar-2022,34200,CE,0,0,0,4395.9,3817.3,0,0,0,0,21-FEB-2022,
OPTIDX,BANKNIFTY,24-Mar-2022,34300,CE,0,0,0,4318.3,3732,0,0,0,0,21-FEB-2022,
OPTIDX,BANKNIFTY,24-Mar-2022,34400,CE,0,0,0,4241.3,3647.4,0,0,0,0,21-FEB-2022,
OPTIDX,BANKNIFTY,24-Mar-2022,34500,CE,0,0,0,4165.05,3563.6,0,0,0,0,21-FEB-2022,
OPTIDX,BANKNIFTY,24-Mar-2022,34600,CE,0,0,0,4089.45,3480.55,0,0,0,0,21-FEB-2022,
OPTIDX,BANKNIFTY,24-Mar-2022,34700,CE,0,0,0,4014.55,3398.35,0,0,0,0,21-FEB-2022,
OPTIDX,BANKNIFTY,24-Mar-2022,34800,CE,0,0,0,3941.75,3317,0,0,0,0,21-FEB-2022,
OPTIDX,BANKNIFTY,24-Mar-2022,34900,CE,0,0,0,3868.2,3236.45,0,0,0,0,21-FEB-2022,
OPTIDX,BANKNIFTY,24-Mar-2022,35000,CE,0,0,0,3795.35,3156.85,0,0,0,0,21-FEB-2022,
OPTIDX,BANKNIFTY,24-Mar-2022,35100,CE,0,0,0,3723.25,3078.1,0,0,0,0,21-FEB-2022,
OPTIDX,BANKNIFTY,24-Mar-2022,35200,CE,0,0,0,3651.95,3000.3,0,0,0,0,21-FEB-2022,
OPTIDX,BANKNIFTY,24-Mar-2022,35300,CE,0,0,0,3581.35,2923.45,0,0,0,0,21-FEB-2022,
OPTIDX,BANKNIFTY,24-Mar-2022,35400,CE,0,0,0,3510.05,2847.55,0,0,0,0,21-FEB-2022,
OPTIDX,BANKNIFTY,24-Mar-2022,35500,CE,0,0,0,3441.1,2772.65,0,0,0,0,21-FEB-2022,
OPTIDX,BANKNIFTY,24-Mar-2022,35600,CE,0,0,0,3372.95,2700.05,0,0,0,0,21-FEB-2022,
OPTIDX,BANKNIFTY,24-Mar-2022,35700,CE,0,0,0,3305.6,2627,0,0,0,0,21-FEB-2022,
OPTIDX,BANKNIFTY,24-Mar-2022,35800,CE,0,0,0,3239,2553.5,0,0,0,0,21-FEB-2022,
OPTIDX,BANKNIFTY,24-Mar-2022,35900,CE,0,0,0,3173.2,2482.7,0,0,0,0,21-FEB-2022,
OPTIDX,BANKNIFTY,24-Mar-2022,36000,CE,0,0,0,3108.2,2413,0,0,0,0,21-FEB-2022,
OPTIDX,BANKNIFTY,24-Mar-2022,36100,CE,0,0,0,3044,2344.4,0,0,0,0,21-FEB-2022,
OPTIDX,BANKNIFTY,24-Mar-2022,36200,CE,0,0,0,2980.6,2276.9,0,0,0,0,21-FEB-2022,
OPTIDX,BANKNIFTY,24-Mar-2022,36300,CE,0,0,0,2918.05,2210.5,0,0,0,0,21-FEB-2022,
OPTIDX,BANKNIFTY,24-Mar-2022,36400,CE,0,0,0,2856.25,2145.2,0,0,0,0,21-FEB-2022,
OPTIDX,BANKNIFTY,24-Mar-2022,36500,CE,0,0,0,2795.3,2081.1,0,0,0,0,21-FEB-2022,
OPTIDX,BANKNIFTY,24-Mar-2022,36600,CE,0,0,0,2735.2,2018.1,0,0,0,0,21-FEB-2022,
OPTIDX,BANKNIFTY,24-Mar-2022,36700,CE,0,0,0,2675.9,1956.25,0,0,0,0,21-FEB-2022,
OPTIDX,BANKNIFTY,24-Mar-2022,36800,CE,0,0,0,2617.4,1895.55,0,0,0,0,21-FEB-2022,
OPTIDX,BANKNIFTY,24-Mar-2022,36900,CE,0,0,0,2559.75,1836.05,0,0,0,0,21-FEB-2022,
OPTIDX,BANKNIFTY,24-Mar-2022,37000,CE,1382.1,1867.55,1382.1,1600,1600,11,105.86,475,-100,21-FEB-2022,
OPTIDX,BANKNIFTY,24-Mar-2022,37100,CE,0,0,0,2446.9,1720.55,0,0,0,0,21-FEB-2022,
OPTIDX,BANKNIFTY,24-Mar-2022,37200,CE,0,0,0,2391.75,1664.6,0,0,0,0,21-FEB-2022,
OPTIDX,BANKNIFTY,24-Mar-2022,37300,CE,0,0,0,2337.4,1609.8,0,0,0,0,21-FEB-2022,
OPTIDX,BANKNIFTY,24-Mar-2022,37400,CE,0,0,0,2283.9,1556.15,0,0,0,0,21-FEB-2022,
OPTIDX,BANKNIFTY,24-Mar-2022,37500,CE,1121.9,1412.3,1034.55,1317.25,1503.75,64,619.72,7550,400,21-FEB-2022,
OPTIDX,BANKNIFTY,24-Mar-2022,37600,CE,0,0,0,808.95,1452.5,0,0,25,0,21-FEB-2022,
OPTIDX,BANKNIFTY,24-Mar-2022,37700,CE,1189.1,1248.6,1130.65,1167.9,1167.9,7,68.04,50,25,21-FEB-2022,
OPTIDX,BANKNIFTY,24-Mar-2022,37800,CE,0,0,0,2078.15,1353.4,0,0,0,0,21-FEB-2022,
OPTIDX,BANKNIFTY,24-Mar-2022,37900,CE,0,0,0,2028.6,1305.7,0,0,50,0,21-FEB-2022,
OPTIDX,BANKNIFTY,24-Mar-2022,38000,CE,940.3,1202.9,785.45,1031.05,1031.05,162,1583.5,4350,375,21-FEB-2022,
OPTIDX,BANKNIFTY,24-Mar-2022,38100,CE,0,0,0,1500,1213.8,0,0,25,0,21-FEB-2022,
OPTIDX,BANKNIFTY,24-Mar-2022,38200,CE,0,0,0,1885.4,1169.6,0,0,0,0,21-FEB-2022,
OPTIDX,BANKNIFTY,24-Mar-2022,38300,CE,1590.7,1590.7,1590.7,1590.7,1126.55,1,9.97,50,25,21-FEB-2022,
OPTIDX,BANKNIFTY,24-Mar-2022,38400,CE,0,0,0,1794,1084.6,0,0,0,0,21-FEB-2022,
OPTIDX,BANKNIFTY,24-Mar-2022,38500,CE,765.8,985.3,677.35,817.05,817.05,668,6585.72,14550,14300,21-FEB-2022,
OPTIDX,BANKNIFTY,24-Mar-2022,38600,CE,655.7,700,655.7,700,1004.15,2,19.63,0,0,21-FEB-2022,
OPTIDX,BANKNIFTY,24-Mar-2022,38700,CE,0,0,0,1662.9,965.6,0,0,0,0,21-FEB-2022,
OPTIDX,BANKNIFTY,24-Mar-2022,38800,CE,0,0,0,1620.8,928.15,0,0,0,0,21-FEB-2022,
OPTIDX,BANKNIFTY,24-Mar-2022,38900,CE,0,0,0,1579.45,891.8,0,0,0,0,21-FEB-2022,
OPTIDX,BANKNIFTY,24-Mar-2022,39000,CE,423.45,423.45,423.45,423.45,856.5,4,39.42,100,100,21-FEB-2022,
OPTIDX,BANKNIFTY,24-Mar-2022,39100,CE,0,0,0,1499.15,822.25,0,0,0,0,21-FEB-2022,
OPTIDX,BANKNIFTY,24-Mar-2022,39200,CE,0,0,0,1460.15,789.05,0,0,0,0,21-FEB-2022,
OPTIDX,BANKNIFTY,24-Mar-2022,39300,CE,0,0,0,1421.9,756.85,0,0,0,0,21-FEB-2022,
OPTIDX,BANKNIFTY,24-Mar-2022,39400,CE,0,0,0,1384.45,725.7,0,0,0,0,21-FEB-2022,
OPTIDX,BANKNIFTY,24-Mar-2022,39500,CE,172.15,574.3,172.15,504.3,695.55,19,190.09,625,375,21-FEB-2022,
OPTIDX,BANKNIFTY,24-Mar-2022,39600,CE,0,0,0,1311.7,666.35,0,0,0,0,21-FEB-2022,
OPTIDX,BANKNIFTY,24-Mar-2022,39700,CE,0,0,0,1276.45,638.1,0,0,0,0,21-FEB-2022,
OPTIDX,BANKNIFTY,24-Mar-2022,39800,CE,0,0,0,1241.95,610.85,0,0,0,0,21-FEB-2022,
OPTIDX,BANKNIFTY,24-Mar-2022,39900,CE,0,0,0,90,584.5,0,0,100,0,21-FEB-2022,
OPTIDX,BANKNIFTY,24-Mar-2022,40000,CE,210.05,456.85,210.05,326.5,560.7,42,423.83,675,-100,21-FEB-2022,
OPTIDX,BANKNIFTY,24-Mar-2022,40100,CE,0,0,0,1142.7,536.3,0,0,0,0,21-FEB-2022,
OPTIDX,BANKNIFTY,24-Mar-2022,40200,CE,0,0,0,1111,512.8,0,0,0,0,21-FEB-2022,
OPTIDX,BANKNIFTY,24-Mar-2022,40300,CE,0,0,0,1080,488.55,0,0,0,0,21-FEB-2022,
OPTIDX,BANKNIFTY,24-Mar-2022,40400,CE,0,0,0,1049.7,466.55,0,0,0,0,21-FEB-2022,
OPTIDX,BANKNIFTY,24-Mar-2022,40500,CE,0,0,0,1020.05,445.35,0,0,0,0,21-FEB-2022,
OPTIDX,BANKNIFTY,24-Mar-2022,40600,CE,0,0,0,991.1,424.95,0,0,0,0,21-FEB-2022,
OPTIDX,BANKNIFTY,24-Mar-2022,40700,CE,0,0,0,962.8,405.35,0,0,0,0,21-FEB-2022,
OPTIDX,BANKNIFTY,24-Mar-2022,40800,CE,0,0,0,935.1,386.45,0,0,0,0,21-FEB-2022,
OPTIDX,BANKNIFTY,24-Mar-2022,40900,CE,0,0,0,908.1,368.3,0,0,0,0,21-FEB-2022,
OPTIDX,BANKNIFTY,24-Mar-2022,41000,CE,330,330,116.95,179.5,179.5,16,164.74,325,0,21-FEB-2022,
OPTIDX,BANKNIFTY,24-Mar-2022,41100,CE,0,0,0,855.9,334.1,0,0,0,0,21-FEB-2022,
OPTIDX,BANKNIFTY,24-Mar-2022,41200,CE,0,0,0,805,318,0,0,25,0,21-FEB-2022,
OPTIDX,BANKNIFTY,24-Mar-2022,41300,CE,0,0,0,808.05,302.55,0,0,0,0,21-FEB-2022,
OPTIDX,BANKNIFTY,24-Mar-2022,41400,CE,0,0,0,784.2,287.75,0,0,0,0,21-FEB-2022,
OPTIDX,BANKNIFTY,24-Mar-2022,41500,CE,0,0,0,760.95,273.55,0,0,0,0,21-FEB-2022,
OPTIDX,BANKNIFTY,24-Mar-2022,41600,CE,0,0,0,738.25,259.95,0,0,0,0,21-FEB-2022,
OPTIDX,BANKNIFTY,24-Mar-2022,41700,CE,0,0,0,716.1,246.95,0,0,0,0,21-FEB-2022,
OPTIDX,BANKNIFTY,24-Mar-2022,41800,CE,0,0,0,694.55,234.5,0,0,0,0,21-FEB-2022,
OPTIDX,BANKNIFTY,24-Mar-2022,41900,CE,0,0,0,671.9,222.55,0,0,0,0,21-FEB-2022,
OPTIDX,BANKNIFTY,24-Mar-2022,42000,CE,0,0,0,584,211.15,0,0,0,0,21-FEB-2022,
OPTIDX,BANKNIFTY,24-Mar-2022,42100,CE,0,0,0,614.9,200.25,0,0,0,0,21-FEB-2022,
OPTIDX,BANKNIFTY,24-Mar-2022,42200,CE,0,0,0,593.9,189.85,0,0,0,0,21-FEB-2022,
OPTIDX,BANKNIFTY,24-Mar-2022,42300,CE,0,0,0,573.5,179.9,0,0,0,0,21-FEB-2022,
OPTIDX,BANKNIFTY,24-Mar-2022,42400,CE,0,0,0,553.65,170.4,0,0,25,0,21-FEB-2022,
OPTIDX,BANKNIFTY,24-Mar-2022,42500,CE,99,99,85,85,161.35,56,596.38,1375,1375,21-FEB-2022,
OPTIDX,BANKNIFTY,24-Mar-2022,42600,CE,0,0,0,703.15,152.7,0,0,0,0,21-FEB-2022,
OPTIDX,BANKNIFTY,24-Mar-2022,42700,CE,0,0,0,680,144.5,0,0,0,0,21-FEB-2022,
OPTIDX,BANKNIFTY,24-Mar-2022,42800,CE,0,0,0,657.5,136.65,0,0,0,0,21-FEB-2022,
OPTIDX,BANKNIFTY,24-Mar-2022,42900,CE,0,0,0,634.05,129.2,0,0,0,0,21-FEB-2022,
OPTIDX,BANKNIFTY,24-Mar-2022,43000,CE,0,0,0,612.65,122.05,0,0,0,0,21-FEB-2022,
OPTIDX,BANKNIFTY,24-Mar-2022,43100,CE,0,0,0,591.85,115.3,0,0,0,0,21-FEB-2022,
OPTIDX,BANKNIFTY,24-Mar-2022,43200,CE,0,0,0,571.65,108.9,0,0,0,0,21-FEB-2022,
OPTIDX,BANKNIFTY,24-Mar-2022,43300,CE,0,0,0,552,102.75,0,0,0,0,21-FEB-2022,
OPTIDX,BANKNIFTY,24-Mar-2022,32900,PE,0,0,0,354.5,80.65,0,0,0,0,21-FEB-2022,
OPTIDX,BANKNIFTY,24-Mar-2022,33000,PE,0,0,0,372.05,87.35,0,0,0,0,21-FEB-2022,
OPTIDX,BANKNIFTY,24-Mar-2022,33100,PE,0,0,0,390.25,94.5,0,0,0,0,21-FEB-2022,
OPTIDX,BANKNIFTY,24-Mar-2022,33200,PE,0,0,0,409.1,102.15,0,0,0,0,21-FEB-2022,
OPTIDX,BANKNIFTY,24-Mar-2022,33300,PE,0,0,0,428.65,110.25,0,0,0,0,21-FEB-2022,
OPTIDX,BANKNIFTY,24-Mar-2022,33400,PE,0,0,0,448.85,118.9,0,0,0,0,21-FEB-2022,
OPTIDX,BANKNIFTY,24-Mar-2022,33500,PE,0,0,0,469.75,128.1,0,0,0,0,21-FEB-2022,
OPTIDX,BANKNIFTY,24-Mar-2022,33600,PE,0,0,0,394.15,137.85,0,0,0,0,21-FEB-2022,
OPTIDX,BANKNIFTY,24-Mar-2022,33700,PE,0,0,0,514.05,148.15,0,0,25,0,21-FEB-2022,
OPTIDX,BANKNIFTY,24-Mar-2022,33800,PE,0,0,0,330,159.1,0,0,150,0,21-FEB-2022,
OPTIDX,BANKNIFTY,24-Mar-2022,33900,PE,0,0,0,437.65,170.65,0,0,0,0,21-FEB-2022,
OPTIDX,BANKNIFTY,24-Mar-2022,34000,PE,0,0,0,457.3,182.85,0,0,0,0,21-FEB-2022,
OPTIDX,BANKNIFTY,24-Mar-2022,34100,PE,0,0,0,477.65,195.75,0,0,0,0,21-FEB-2022,
OPTIDX,BANKNIFTY,24-Mar-2022,34200,PE,0,0,0,498.65,209.35,0,0,0,0,21-FEB-2022,
OPTIDX,BANKNIFTY,24-Mar-2022,34300,PE,0,0,0,520.25,223.65,0,0,0,0,21-FEB-2022,
OPTIDX,BANKNIFTY,24-Mar-2022,34400,PE,0,0,0,542.6,238.7,0,0,0,0,21-FEB-2022,
OPTIDX,BANKNIFTY,24-Mar-2022,34500,PE,250,250,230.1,230.1,254.55,40,347.4,500,-500,21-FEB-2022,
OPTIDX,BANKNIFTY,24-Mar-2022,34600,PE,0,0,0,589.25,271.15,0,0,0,0,21-FEB-2022,
OPTIDX,BANKNIFTY,24-Mar-2022,34700,PE,0,0,0,613.65,288.6,0,0,0,0,21-FEB-2022,
OPTIDX,BANKNIFTY,24-Mar-2022,34800,PE,0,0,0,640.15,306.9,0,0,0,0,21-FEB-2022,
OPTIDX,BANKNIFTY,24-Mar-2022,34900,PE,0,0,0,665.85,326,0,0,0,0,21-FEB-2022,
OPTIDX,BANKNIFTY,24-Mar-2022,35000,PE,270,316.9,270,316.9,346,21,185.17,525,500,21-FEB-2022,
OPTIDX,BANKNIFTY,24-Mar-2022,35100,PE,0,0,0,719.5,366.95,0,0,0,0,21-FEB-2022,
OPTIDX,BANKNIFTY,24-Mar-2022,35200,PE,0,0,0,747.45,388.8,0,0,0,0,21-FEB-2022,
OPTIDX,BANKNIFTY,24-Mar-2022,35300,PE,0,0,0,776.1,411.55,0,0,0,0,21-FEB-2022,
OPTIDX,BANKNIFTY,24-Mar-2022,35400,PE,0,0,0,804.1,435.3,0,0,0,0,21-FEB-2022,
OPTIDX,BANKNIFTY,24-Mar-2022,35500,PE,220,300,220,300,460.05,2,17.88,1050,25,21-FEB-2022,
OPTIDX,BANKNIFTY,24-Mar-2022,35600,PE,0,0,0,865.6,487.05,0,0,0,0,21-FEB-2022,
OPTIDX,BANKNIFTY,24-Mar-2022,35700,PE,0,0,0,897.5,513.65,0,0,0,0,21-FEB-2022,
OPTIDX,BANKNIFTY,24-Mar-2022,35800,PE,0,0,0,930.2,539.8,0,0,0,0,21-FEB-2022,
OPTIDX,BANKNIFTY,24-Mar-2022,35900,PE,0,0,0,963.65,568.65,0,0,0,0,21-FEB-2022,
OPTIDX,BANKNIFTY,24-Mar-2022,36000,PE,0,0,0,997.95,598.6,0,0,0,0,21-FEB-2022,
OPTIDX,BANKNIFTY,24-Mar-2022,36100,PE,0,0,0,1033,629.65,0,0,0,0,21-FEB-2022,
OPTIDX,BANKNIFTY,24-Mar-2022,36200,PE,0,0,0,1068.9,661.8,0,0,0,0,21-FEB-2022,
OPTIDX,BANKNIFTY,24-Mar-2022,36300,PE,0,0,0,1105.6,695,0,0,0,0,21-FEB-2022,
OPTIDX,BANKNIFTY,24-Mar-2022,36400,PE,0,0,0,1143.1,729.4,0,0,0,0,21-FEB-2022,
OPTIDX,BANKNIFTY,24-Mar-2022,36500,PE,0,0,0,590.75,764.9,0,0,50,0,21-FEB-2022,
OPTIDX,BANKNIFTY,24-Mar-2022,36600,PE,0,0,0,1220.6,801.55,0,0,0,0,21-FEB-2022,
OPTIDX,BANKNIFTY,24-Mar-2022,36700,PE,0,0,0,1260.55,839.35,0,0,0,0,21-FEB-2022,
OPTIDX,BANKNIFTY,24-Mar-2022,36800,PE,0,0,0,1301.35,878.3,0,0,0,0,21-FEB-2022,
OPTIDX,BANKNIFTY,24-Mar-2022,36900,PE,0,0,0,1343,918.45,0,0,0,0,21-FEB-2022,
OPTIDX,BANKNIFTY,24-Mar-2022,37000,PE,960,999.4,696.75,820.95,820.95,75,709.04,3475,-25,21-FEB-2022,
OPTIDX,BANKNIFTY,24-Mar-2022,37100,PE,811.4,815,736.9,736.9,1002.2,4,37.89,100,75,21-FEB-2022,
OPTIDX,BANKNIFTY,24-Mar-2022,37200,PE,0,0,0,462.25,1045.9,0,0,50,0,21-FEB-2022,
OPTIDX,BANKNIFTY,24-Mar-2022,37300,PE,1044,1044,953.6,953.6,1090.75,2,19.14,25,0,21-FEB-2022,
OPTIDX,BANKNIFTY,24-Mar-2022,37400,PE,936.7,1396,880.7,880.7,1136.75,4,38.42,25,25,21-FEB-2022,
OPTIDX,BANKNIFTY,24-Mar-2022,37500,PE,1075,1197.5,900,1020,1020,19,183.1,800,150,21-FEB-2022,
OPTIDX,BANKNIFTY,24-Mar-2022,37600,PE,1055,1055,1055,1055,1232.4,1,9.66,25,0,21-FEB-2022,
OPTIDX,BANKNIFTY,24-Mar-2022,37700,PE,0,0,0,912.15,1281.8,0,0,50,0,21-FEB-2022,
OPTIDX,BANKNIFTY,24-Mar-2022,37800,PE,0,0,0,1054.5,1332.6,0,0,75,0,21-FEB-2022,
OPTIDX,BANKNIFTY,24-Mar-2022,37900,PE,0,0,0,1804.65,1384.5,0,0,0,0,21-FEB-2022,
OPTIDX,BANKNIFTY,24-Mar-2022,38000,PE,1381.2,1450,1111,1227.55,1437.65,34,333.91,425,25,21-FEB-2022,
OPTIDX,BANKNIFTY,24-Mar-2022,38100,PE,1300,1350,1300,1350,1491.9,2,19.71,850,-25,21-FEB-2022,
OPTIDX,BANKNIFTY,24-Mar-2022,38200,PE,0,0,0,1959.3,1547.35,0,0,0,0,21-FEB-2022,
OPTIDX,BANKNIFTY,24-Mar-2022,38300,PE,0,0,0,2012.45,1603.9,0,0,0,0,21-FEB-2022,
OPTIDX,BANKNIFTY,24-Mar-2022,38400,PE,0,0,0,2066.45,1661.65,0,0,0,0,21-FEB-2022,
OPTIDX,BANKNIFTY,24-Mar-2022,38500,PE,1350,1350,1350,1350,1720.5,1,9.96,50,0,21-FEB-2022,
OPTIDX,BANKNIFTY,24-Mar-2022,38600,PE,0,0,0,2176.8,1780.45,0,0,0,0,21-FEB-2022,
OPTIDX,BANKNIFTY,24-Mar-2022,38700,PE,0,0,0,2233.15,1841.55,0,0,0,0,21-FEB-2022,
OPTIDX,BANKNIFTY,24-Mar-2022,38800,PE,0,0,0,2290.35,1903.75,0,0,0,0,21-FEB-2022,
OPTIDX,BANKNIFTY,24-Mar-2022,38900,PE,0,0,0,2348.3,1967,0,0,0,0,21-FEB-2022,
OPTIDX,BANKNIFTY,24-Mar-2022,39000,PE,0,0,0,850,2031.35,0,0,25,0,21-FEB-2022,
OPTIDX,BANKNIFTY,24-Mar-2022,39100,PE,0,0,0,2466.55,2096.75,0,0,0,0,21-FEB-2022,
OPTIDX,BANKNIFTY,24-Mar-2022,39200,PE,0,0,0,2526.8,2163.2,0,0,0,0,21-FEB-2022,
OPTIDX,BANKNIFTY,24-Mar-2022,39300,PE,0,0,0,1668,2230.65,0,0,25,0,21-FEB-2022,
OPTIDX,BANKNIFTY,24-Mar-2022,39400,PE,0,0,0,2649.65,2299.15,0,0,0,0,21-FEB-2022,
OPTIDX,BANKNIFTY,24-Mar-2022,39500,PE,0,0,0,2712.2,2368.6,0,0,0,0,21-FEB-2022,
OPTIDX,BANKNIFTY,24-Mar-2022,39600,PE,0,0,0,2775.5,2439.05,0,0,0,0,21-FEB-2022,
OPTIDX,BANKNIFTY,24-Mar-2022,39700,PE,0,0,0,2839.55,2510.5,0,0,0,0,21-FEB-2022,
OPTIDX,BANKNIFTY,24-Mar-2022,39800,PE,0,0,0,2904.3,2582.85,0,0,0,0,21-FEB-2022,
OPTIDX,BANKNIFTY,24-Mar-2022,39900,PE,0,0,0,2969.8,2656.15,0,0,0,0,21-FEB-2022,
OPTIDX,BANKNIFTY,24-Mar-2022,40000,PE,0,0,0,3036,2732,0,0,0,0,21-FEB-2022,
OPTIDX,BANKNIFTY,24-Mar-2022,40100,PE,0,0,0,3102.9,2807.25,0,0,0,0,21-FEB-2022,
OPTIDX,BANKNIFTY,24-Mar-2022,40200,PE,0,0,0,3170.5,2883.35,0,0,0,0,21-FEB-2022,
OPTIDX,BANKNIFTY,24-Mar-2022,40300,PE,0,0,0,3238.75,2958.75,0,0,0,0,21-FEB-2022,
OPTIDX,BANKNIFTY,24-Mar-2022,40400,PE,0,0,0,3307.75,3036.4,0,0,0,0,21-FEB-2022,
OPTIDX,BANKNIFTY,24-Mar-2022,40500,PE,0,0,0,1601,3114.85,0,0,75,0,21-FEB-2022,
OPTIDX,BANKNIFTY,24-Mar-2022,40600,PE,0,0,0,3447.7,3194.1,0,0,0,0,21-FEB-2022,
OPTIDX,BANKNIFTY,24-Mar-2022,40700,PE,0,0,0,3518.65,3274.1,0,0,0,0,21-FEB-2022,
OPTIDX,BANKNIFTY,24-Mar-2022,40800,PE,0,0,0,3590.25,3354.85,0,0,0,0,21-FEB-2022,
OPTIDX,BANKNIFTY,24-Mar-2022,40900,PE,0,0,0,3662.5,3436.35,0,0,0,0,21-FEB-2022,
OPTIDX,BANKNIFTY,24-Mar-2022,41000,PE,0,0,0,3735.4,3518.55,0,0,0,0,21-FEB-2022,
OPTIDX,BANKNIFTY,24-Mar-2022,41100,PE,0,0,0,3808.9,3601.45,0,0,0,0,21-FEB-2022,
OPTIDX,BANKNIFTY,24-Mar-2022,41200,PE,0,0,0,3884.75,3685,0,0,0,0,21-FEB-2022,
OPTIDX,BANKNIFTY,24-Mar-2022,41300,PE,0,0,0,3959.6,3769.2,0,0,0,0,21-FEB-2022,
OPTIDX,BANKNIFTY,24-Mar-2022,41400,PE,0,0,0,4035,3854.05,0,0,0,0,21-FEB-2022,
OPTIDX,BANKNIFTY,24-Mar-2022,41500,PE,0,0,0,4111.05,3939.5,0,0,0,0,21-FEB-2022,
OPTIDX,BANKNIFTY,24-Mar-2022,41600,PE,0,0,0,4187.65,4025.55,0,0,0,0,21-FEB-2022,
OPTIDX,BANKNIFTY,24-Mar-2022,41700,PE,0,0,0,4264.8,4112.15,0,0,0,0,21-FEB-2022,
OPTIDX,BANKNIFTY,24-Mar-2022,41800,PE,0,0,0,4342.5,4199.35,0,0,0,0,21-FEB-2022,
OPTIDX,BANKNIFTY,24-Mar-2022,41900,PE,0,0,0,4419.1,4287.05,0,0,0,0,21-FEB-2022,
OPTIDX,BANKNIFTY,24-Mar-2022,42000,PE,0,0,0,4332.15,4375.3,0,0,0,0,21-FEB-2022,
OPTIDX,BANKNIFTY,24-Mar-2022,42100,PE,0,0,0,3962.45,4464.05,0,0,0,0,21-FEB-2022,
OPTIDX,BANKNIFTY,24-Mar-2022,42200,PE,0,0,0,4040.9,4553.25,0,0,0,0,21-FEB-2022,
OPTIDX,BANKNIFTY,24-Mar-2022,42300,PE,0,0,0,4119.9,4642.95,0,0,0,0,21-FEB-2022,
OPTIDX,BANKNIFTY,24-Mar-2022,42400,PE,0,0,0,4199.45,4733.1,0,0,0,0,21-FEB-2022,
OPTIDX,BANKNIFTY,24-Mar-2022,42500,PE,0,0,0,4279.6,4823.7,0,0,0,0,21-FEB-2022,
OPTIDX,BANKNIFTY,24-Mar-2022,42600,PE,0,0,0,3727.1,4914.7,0,0,0,0,21-FEB-2022,
OPTIDX,BANKNIFTY,24-Mar-2022,42700,PE,0,0,0,3803.4,5006.1,0,0,0,0,21-FEB-2022,
OPTIDX,BANKNIFTY,24-Mar-2022,42800,PE,0,0,0,3880.3,5097.9,0,0,0,0,21-FEB-2022,
OPTIDX,BANKNIFTY,24-Mar-2022,42900,PE,0,0,0,3956.25,5190.1,0,0,0,0,21-FEB-2022,
OPTIDX,BANKNIFTY,24-Mar-2022,43000,PE,0,0,0,4034.3,5282.65,0,0,0,0,21-FEB-2022,
OPTIDX,BANKNIFTY,24-Mar-2022,43100,PE,0,0,0,4112.9,5375.5,0,0,0,0,21-FEB-2022,
OPTIDX,BANKNIFTY,24-Mar-2022,43200,PE,0,0,0,4192.15,5468.7,0,0,0,0,21-FEB-2022,
OPTIDX,BANKNIFTY,24-Mar-2022,43300,PE,0,0,0,4271.95,5562.25,0,0,0,0,21-FEB-2022,
OPTIDX,BANKNIFTY,31-Mar-2022,27000,CE,0,0,0,8469.55,10804.25,0,0,0,0,21-FEB-2022,
OPTIDX,BANKNIFTY,31-Mar-2022,28500,CE,0,0,0,8623.65,9312.5,0,0,0,0,21-FEB-2022,
OPTIDX,BANKNIFTY,31-Mar-2022,30000,CE,8150,8150,8150,8150,7827.7,1,9.53,275,0,21-FEB-2022,
OPTIDX,BANKNIFTY,31-Mar-2022,31100,CE,0,0,0,4854.15,6751.95,0,0,0,0,21-FEB-2022,
OPTIDX,BANKNIFTY,31-Mar-2022,31200,CE,0,0,0,4777.6,6655.1,0,0,0,0,21-FEB-2022,
OPTIDX,BANKNIFTY,31-Mar-2022,31300,CE,0,0,0,4701.7,6558.5,0,0,0,0,21-FEB-2022,
OPTIDX,BANKNIFTY,31-Mar-2022,31400,CE,0,0,0,4626.4,6462.15,0,0,0,0,21-FEB-2022,
OPTIDX,BANKNIFTY,31-Mar-2022,31500,CE,0,0,0,6280,6366,0,0,600,0,21-FEB-2022,
OPTIDX,BANKNIFTY,31-Mar-2022,31600,CE,0,0,0,4479,6270.1,0,0,0,0,21-FEB-2022,
OPTIDX,BANKNIFTY,31-Mar-2022,31700,CE,0,0,0,4405.55,6174.45,0,0,0,0,21-FEB-2022,
OPTIDX,BANKNIFTY,31-Mar-2022,31800,CE,0,0,0,4332.7,6079.1,0,0,0,0,21-FEB-2022,
OPTIDX,BANKNIFTY,31-Mar-2022,31900,CE,0,0,0,4260.6,5984.05,0,0,0,0,21-FEB-2022,
OPTIDX,BANKNIFTY,31-Mar-2022,32000,CE,5618.25,6050,5618.25,5813.35,5813.35,20,188.99,850,400,21-FEB-2022,
OPTIDX,BANKNIFTY,31-Mar-2022,32100,CE,0,0,0,4118.3,5794.9,0,0,0,0,21-FEB-2022,
OPTIDX,BANKNIFTY,31-Mar-2022,32200,CE,0,0,0,4048.15,5700.8,0,0,0,0,21-FEB-2022,
OPTIDX,BANKNIFTY,31-Mar-2022,32300,CE,0,0,0,3978.7,5607.05,0,0,0,0,21-FEB-2022,
OPTIDX,BANKNIFTY,31-Mar-2022,32400,CE,0,0,0,3908.6,5513.7,0,0,0,0,21-FEB-2022,
OPTIDX,BANKNIFTY,31-Mar-2022,32500,CE,0,0,0,3840.65,5420.75,0,0,0,0,21-FEB-2022,
OPTIDX,BANKNIFTY,31-Mar-2022,32600,CE,0,0,0,3773.4,5328.15,0,0,0,0,21-FEB-2022,
OPTIDX,BANKNIFTY,31-Mar-2022,32700,CE,0,0,0,3706.8,5236.05,0,0,0,0,21-FEB-2022,
OPTIDX,BANKNIFTY,31-Mar-2022,32800,CE,0,0,0,3640.95,5144.35,0,0,0,0,21-FEB-2022,
OPTIDX,BANKNIFTY,31-Mar-2022,32900,CE,0,0,0,3575.85,5053.1,0,0,0,0,21-FEB-2022,
OPTIDX,BANKNIFTY,31-Mar-2022,33000,CE,4600,5153.1,4529.9,4900,4900,20,189.52,3975,250,21-FEB-2022,
OPTIDX,BANKNIFTY,31-Mar-2022,33100,CE,0,0,0,5057.85,4872.1,0,0,25,0,21-FEB-2022,
OPTIDX,BANKNIFTY,31-Mar-2022,33200,CE,0,0,0,3384.7,4782.35,0,0,0,0,21-FEB-2022,
OPTIDX,BANKNIFTY,31-Mar-2022,33300,CE,0,0,0,3322.45,4693.15,0,0,0,0,21-FEB-2022,
OPTIDX,BANKNIFTY,31-Mar-2022,33400,CE,0,0,0,3260.9,4604.5,0,0,0,0,21-FEB-2022,
OPTIDX,BANKNIFTY,31-Mar-2022,33500,CE,4525,4525,4525,4525,4516.4,8,76.05,225,175,21-FEB-2022,
OPTIDX,BANKNIFTY,31-Mar-2022,33600,CE,0,0,0,3140,4428.95,0,0,0,0,21-FEB-2022,
OPTIDX,BANKNIFTY,31-Mar-2022,33700,CE,0,0,0,3080.6,4342.05,0,0,0,0,21-FEB-2022,
OPTIDX,BANKNIFTY,31-Mar-2022,33800,CE,0,0,0,3022,4255.8,0,0,0,0,21-FEB-2022,
OPTIDX,BANKNIFTY,31-Mar-2022,33900,CE,0,0,0,2964.1,4170.25,0,0,0,0,21-FEB-2022,
OPTIDX,BANKNIFTY,31-Mar-2022,34000,CE,3650.95,4327.5,3650.95,4050,4050,62,587.43,2350,1175,21-FEB-2022,
OPTIDX,BANKNIFTY,31-Mar-2022,34100,CE,0,0,0,2850.5,4001.1,0,0,0,0,21-FEB-2022,
OPTIDX,BANKNIFTY,31-Mar-2022,34200,CE,0,0,0,2794.8,3917.55,0,0,0,0,21-FEB-2022,
OPTIDX,BANKNIFTY,31-Mar-2022,34300,CE,0,0,0,2739.85,3834.75,0,0,0,0,21-FEB-2022,
OPTIDX,BANKNIFTY,31-Mar-2022,34400,CE,0,0,0,2685.65,3752.7,0,0,0,0,21-FEB-2022,
OPTIDX,BANKNIFTY,31-Mar-2022,34500,CE,3270.15,3840,3219,3600,3600,57,541.7,1350,1100,21-FEB-2022,
OPTIDX,BANKNIFTY,31-Mar-2022,34600,CE,0,0,0,2579.4,3590.9,0,0,0,0,21-FEB-2022,
OPTIDX,BANKNIFTY,31-Mar-2022,34700,CE,0,0,0,2527.35,3511.2,0,0,0,0,21-FEB-2022,
OPTIDX,BANKNIFTY,31-Mar-2022,34800,CE,0,0,0,2476.1,3432.3,0,0,0,0,21-FEB-2022,
OPTIDX,BANKNIFTY,31-Mar-2022,34900,CE,3238.45,3238.45,3175.1,3175.1,3354.25,2,19.05,100,50,21-FEB-2022,
OPTIDX,BANKNIFTY,31-Mar-2022,35000,CE,3047.7,3450,2840,3205.4,3205.4,129,1229.04,8900,1825,21-FEB-2022,
OPTIDX,BANKNIFTY,31-Mar-2022,35100,CE,0,0,0,2326.45,3200.75,0,0,0,0,21-FEB-2022,
OPTIDX,BANKNIFTY,31-Mar-2022,35200,CE,0,0,0,2278.05,3125.3,0,0,0,0,21-FEB-2022,
OPTIDX,BANKNIFTY,31-Mar-2022,35300,CE,0,0,0,2333.7,3052.15,0,0,25,0,21-FEB-2022,
OPTIDX,BANKNIFTY,31-Mar-2022,35400,CE,0,0,0,2830,2978.35,0,0,275,0,21-FEB-2022,
OPTIDX,BANKNIFTY,31-Mar-2022,35500,CE,2709.5,3000,2425,3000,2905.5,43,409.68,1675,-75,21-FEB-2022,
OPTIDX,BANKNIFTY,31-Mar-2022,35600,CE,0,0,0,2203.75,2833.6,0,0,50,0,21-FEB-2022,
OPTIDX,BANKNIFTY,31-Mar-2022,35700,CE,0,0,0,2004.75,2761.25,0,0,25,0,21-FEB-2022,
OPTIDX,BANKNIFTY,31-Mar-2022,35800,CE,2276.55,2276.55,2276.55,2276.55,2691.45,1,9.51,75,0,21-FEB-2022,
OPTIDX,BANKNIFTY,31-Mar-2022,35900,CE,2229.9,2229.9,2229.9,2229.9,2622.6,1,9.53,75,0,21-FEB-2022,
OPTIDX,BANKNIFTY,31-Mar-2022,36000,CE,2211.85,2700,2071.1,2410.65,2410.65,344,3304.43,17800,1875,21-FEB-2022,
OPTIDX,BANKNIFTY,31-Mar-2022,36100,CE,2072.7,2072.7,2072.7,2072.7,2487.95,1,9.54,75,25,21-FEB-2022,
OPTIDX,BANKNIFTY,31-Mar-2022,36200,CE,2434.6,2434.6,2434.6,2434.6,2422.15,1,9.65,50,0,21-FEB-2022,
OPTIDX,BANKNIFTY,31-Mar-2022,36300,CE,2000,2200,2000,2200,2357.35,2,19.2,50,25,21-FEB-2022,
OPTIDX,BANKNIFTY,31-Mar-2022,36400,CE,1859,2376.4,1859,2376.4,2293.6,3,28.89,75,25,21-FEB-2022,
OPTIDX,BANKNIFTY,31-Mar-2022,36500,CE,1929,2313.9,1769.7,2079.45,2079.45,315,3041.73,13600,-750,21-FEB-2022,
OPTIDX,BANKNIFTY,31-Mar-2022,36600,CE,1811.95,2188.05,1811.95,1987.05,1987.05,7,67.62,125,0,21-FEB-2022,
OPTIDX,BANKNIFTY,31-Mar-2022,36700,CE,0,0,0,1927.65,2108.55,0,0,50,0,21-FEB-2022,
OPTIDX,BANKNIFTY,31-Mar-2022,36800,CE,1665,2025.1,1665,2025.1,2049,3,29.02,1250,25,21-FEB-2022,
OPTIDX,BANKNIFTY,31-Mar-2022,36900,CE,1685.7,1822.1,1620.7,1822.1,1990.5,6,57.86,975,25,21-FEB-2022,
OPTIDX,BANKNIFTY,31-Mar-2022,37000,CE,1601.35,1960.95,1458,1733.9,1733.9,2550,24671.11,58700,-400,21-FEB-2022,
OPTIDX,BANKNIFTY,31-Mar-2022,37100,CE,1416.95,1880,1405,1716,1876.7,17,164.35,1375,0,21-FEB-2022,
OPTIDX,BANKNIFTY,31-Mar-2022,37200,CE,1430,1800,1355,1594.85,1594.85,63,609.18,1675,125,21-FEB-2022,
OPTIDX,BANKNIFTY,31-Mar-2022,37300,CE,1448.75,1740,1293.6,1552.55,1552.55,164,1589.71,1200,-800,21-FEB-2022,
OPTIDX,BANKNIFTY,31-Mar-2022,37400,CE,1401.95,1677.65,1244.6,1483.5,1483.5,237,2299.55,2025,-450,21-FEB-2022,
OPTIDX,BANKNIFTY,31-Mar-2022,37500,CE,1362.5,1644.25,1179.2,1431.8,1431.8,8426,81973.84,124725,25375,21-FEB-2022,
OPTIDX,BANKNIFTY,31-Mar-2022,37600,CE,1279.95,1573.3,1140,1374.15,1374.15,497,4837.91,4975,-625,21-FEB-2022,
OPTIDX,BANKNIFTY,31-Mar-2022,37700,CE,1199.15,1501.4,1099.05,1322.65,1322.65,368,3590.62,7175,1100,21-FEB-2022,
OPTIDX,BANKNIFTY,31-Mar-2022,37800,CE,1138.05,1456.6,1050,1265.15,1265.15,440,4299.47,7400,1350,21-FEB-2022,
OPTIDX,BANKNIFTY,31-Mar-2022,37900,CE,1095.95,1390,1000,1211.05,1211.05,340,3328.77,3775,500,21-FEB-2022,
OPTIDX,BANKNIFTY,31-Mar-2022,38000,CE,1046.9,1347.1,941,1152.65,1152.65,15224,149004.65,463450,14325,21-FEB-2022,
OPTIDX,BANKNIFTY,31-Mar-2022,38100,CE,1001.85,1287.65,906.95,1111.25,1111.25,261,2562.45,2450,825,21-FEB-2022,
OPTIDX,BANKNIFTY,31-Mar-2022,38200,CE,953.05,1238.15,862.65,1055.45,1055.45,132,1298,4550,-25,21-FEB-2022,
OPTIDX,BANKNIFTY,31-Mar-2022,38300,CE,892.35,1170,834.8,1011.35,1011.35,239,2348.06,3375,825,21-FEB-2022,
OPTIDX,BANKNIFTY,31-Mar-2022,38400,CE,890.2,1116.05,791,954.3,954.3,156,1536.69,3275,625,21-FEB-2022,
OPTIDX,BANKNIFTY,31-Mar-2022,38500,CE,828.6,1080,735.1,911.4,911.4,7292,71892.28,142650,3025,21-FEB-2022,
OPTIDX,BANKNIFTY,31-Mar-2022,38600,CE,770.05,1019.9,716.3,866.55,866.55,98,966.11,3200,25,21-FEB-2022,
OPTIDX,BANKNIFTY,31-Mar-2022,38700,CE,740.25,980,680,827.85,827.85,86,850.38,8350,-175,21-FEB-2022,
OPTIDX,BANKNIFTY,31-Mar-2022,38800,CE,690,928,640,789.9,789.9,227,2246.61,5725,-700,21-FEB-2022,
OPTIDX,BANKNIFTY,31-Mar-2022,38900,CE,640,880,605,755.1,755.1,54,534.47,2525,25,21-FEB-2022,
OPTIDX,BANKNIFTY,31-Mar-2022,39000,CE,612,845,560.05,703.6,703.6,12018,119275.73,213375,1025,21-FEB-2022,
OPTIDX,BANKNIFTY,31-Mar-2022,39100,CE,521,784.8,521,663.5,663.5,30,298.3,4050,425,21-FEB-2022,
OPTIDX,BANKNIFTY,31-Mar-2022,39200,CE,540.5,750,540.5,634.15,634.15,40,398.82,5200,50,21-FEB-2022,
OPTIDX,BANKNIFTY,31-Mar-2022,39300,CE,500,712.1,490,598.8,598.8,153,1525.89,1850,-1200,21-FEB-2022,
OPTIDX,BANKNIFTY,31-Mar-2022,39400,CE,474.6,641,456.85,641,869.4,13,129.78,2825,75,21-FEB-2022,
OPTIDX,BANKNIFTY,31-Mar-2022,39500,CE,450,642,417,529,529,4736,47362.94,115050,36125,21-FEB-2022,
OPTIDX,BANKNIFTY,31-Mar-2022,39600,CE,411.5,585.6,405.4,581.45,806.6,13,130.27,1125,-175,21-FEB-2022,
OPTIDX,BANKNIFTY,31-Mar-2022,39700,CE,384.7,531.85,384,479.4,479.4,14,140.54,1700,0,21-FEB-2022,
OPTIDX,BANKNIFTY,31-Mar-2022,39800,CE,436.55,529.75,436.55,528,747.35,16,161.21,1075,200,21-FEB-2022,
OPTIDX,BANKNIFTY,31-Mar-2022,39900,CE,357.85,509.7,333.6,424.1,424.1,24,241.77,1800,100,21-FEB-2022,
OPTIDX,BANKNIFTY,31-Mar-2022,40000,CE,345.25,480.95,306,388.65,388.65,8905,89897.27,188350,4350,21-FEB-2022,
OPTIDX,BANKNIFTY,31-Mar-2022,40100,CE,282.45,402.55,282.05,371.2,371.2,35,353.67,1425,400,21-FEB-2022,
OPTIDX,BANKNIFTY,31-Mar-2022,40200,CE,297.1,425,268.5,353.6,353.6,27,273.87,950,-75,21-FEB-2022,
OPTIDX,BANKNIFTY,31-Mar-2022,40300,CE,284.3,330,276.9,326.25,326.25,8,81.19,400,-25,21-FEB-2022,
OPTIDX,BANKNIFTY,31-Mar-2022,40400,CE,275,307.85,275,300,300,3,30.52,300,25,21-FEB-2022,
OPTIDX,BANKNIFTY,31-Mar-2022,40500,CE,247.8,349.9,211.35,278.15,278.15,2753,28067.94,58450,6075,21-FEB-2022,
OPTIDX,BANKNIFTY,31-Mar-2022,40600,CE,225.6,326.55,210.65,288.7,545.9,38,388.11,1350,0,21-FEB-2022,
OPTIDX,BANKNIFTY,31-Mar-2022,40700,CE,230,302.4,203.75,230.35,230.35,21,214.96,450,-100,21-FEB-2022,
OPTIDX,BANKNIFTY,31-Mar-2022,40800,CE,175.9,230,175.9,230,230,7,71.74,275,50,21-FEB-2022,
OPTIDX,BANKNIFTY,31-Mar-2022,40900,CE,171,263.3,171,211,211,38,390.77,450,50,21-FEB-2022,
OPTIDX,BANKNIFTY,31-Mar-2022,41000,CE,170.5,247.4,152,195.8,195.8,6030,62105.43,136875,15200,21-FEB-2022,
OPTIDX,BANKNIFTY,31-Mar-2022,41100,CE,0,0,0,1144.45,441.75,0,0,0,0,21-FEB-2022,
OPTIDX,BANKNIFTY,31-Mar-2022,41200,CE,160.75,213.45,160.75,207.8,423.25,4,41.39,200,25,21-FEB-2022,
OPTIDX,BANKNIFTY,31-Mar-2022,41300,CE,0,0,0,207.35,405.45,0,0,150,0,21-FEB-2022,
OPTIDX,BANKNIFTY,31-Mar-2022,41400,CE,165,165,138.4,138.4,138.4,2,20.77,75,25,21-FEB-2022,
OPTIDX,BANKNIFTY,31-Mar-2022,41500,CE,112.55,170,105.85,134.8,134.8,2645,27531.27,72725,-1700,21-FEB-2022,
OPTIDX,BANKNIFTY,31-Mar-2022,41600,CE,0,0,0,1014.65,355.65,0,0,0,0,21-FEB-2022,
OPTIDX,BANKNIFTY,31-Mar-2022,41700,CE,13.75,128.45,13.75,120,120,23,240.33,125,0,21-FEB-2022,
OPTIDX,BANKNIFTY,31-Mar-2022,41800,CE,122.3,157.8,89.25,129.3,325.35,17,178.13,200,100,21-FEB-2022,
OPTIDX,BANKNIFTY,31-Mar-2022,41900,CE,0,0,0,146.75,311.05,0,0,50,0,21-FEB-2022,
OPTIDX,BANKNIFTY,31-Mar-2022,42000,CE,76.6,116.45,72.5,92.4,92.4,4705,49513.42,278475,8600,21-FEB-2022,
OPTIDX,BANKNIFTY,31-Mar-2022,42100,CE,114.7,114.7,84.25,84.35,84.35,5,52.74,100,-25,21-FEB-2022,
OPTIDX,BANKNIFTY,31-Mar-2022,42200,CE,85,88,85,88,88,2,21.14,225,0,21-FEB-2022,
OPTIDX,BANKNIFTY,31-Mar-2022,42300,CE,0,0,0,61.55,259.05,0,0,75,0,21-FEB-2022,
OPTIDX,BANKNIFTY,31-Mar-2022,42400,CE,74.6,85.5,74.6,85.5,85.5,2,21.24,125,25,21-FEB-2022,
OPTIDX,BANKNIFTY,31-Mar-2022,42500,CE,52.8,81.05,52.15,62.6,62.6,1765,18783.03,42600,4500,21-FEB-2022,
OPTIDX,BANKNIFTY,31-Mar-2022,42600,CE,0,0,0,974.85,225.1,0,0,0,0,21-FEB-2022,
OPTIDX,BANKNIFTY,31-Mar-2022,42700,CE,0,0,0,237.95,214.65,0,0,25,0,21-FEB-2022,
OPTIDX,BANKNIFTY,31-Mar-2022,42800,CE,66.4,66.4,66.4,66.4,204.65,1,10.71,75,0,21-FEB-2022,
OPTIDX,BANKNIFTY,31-Mar-2022,42900,CE,0,0,0,740.6,195.05,0,0,0,0,21-FEB-2022,
OPTIDX,BANKNIFTY,31-Mar-2022,43000,CE,40.45,55,36.1,45.75,45.75,713,7673.17,32625,1275,21-FEB-2022,
OPTIDX,BANKNIFTY,31-Mar-2022,43100,CE,0,0,0,695.75,177,0,0,0,0,21-FEB-2022,
OPTIDX,BANKNIFTY,31-Mar-2022,43200,CE,0,0,0,672.55,168.55,0,0,0,0,21-FEB-2022,
OPTIDX,BANKNIFTY,31-Mar-2022,43300,CE,0,0,0,651.45,160.45,0,0,0,0,21-FEB-2022,
OPTIDX,BANKNIFTY,31-Mar-2022,43500,CE,35.9,42.75,30.95,38.8,38.8,363,3951.08,16950,1175,21-FEB-2022,
OPTIDX,BANKNIFTY,31-Mar-2022,45000,CE,27.95,27.95,20,22.15,22.15,561,6314.5,38975,4675,21-FEB-2022,
OPTIDX,BANKNIFTY,31-Mar-2022,46500,CE,16.4,19.85,14.35,17.75,17.75,124,1442.01,5025,-200,21-FEB-2022,
OPTIDX,BANKNIFTY,31-Mar-2022,48000,CE,16.45,17.9,13.2,15.5,15.5,180,2160.68,15875,425,21-FEB-2022,
OPTIDX,BANKNIFTY,31-Mar-2022,27000,PE,0,0,0,2.15,0.3,0,0,450,0,21-FEB-2022,
OPTIDX,BANKNIFTY,31-Mar-2022,28500,PE,37,62.95,25,29.4,29.4,145,1034.3,4325,625,21-FEB-2022,
OPTIDX,BANKNIFTY,31-Mar-2022,30000,PE,58.65,70,41.75,51.6,51.6,882,6625.9,27475,1700,21-FEB-2022,
OPTIDX,BANKNIFTY,31-Mar-2022,31100,PE,89,89,56,76.95,76.95,11,85.72,700,75,21-FEB-2022,
OPTIDX,BANKNIFTY,31-Mar-2022,31200,PE,0,0,0,597.5,32.75,0,0,0,0,21-FEB-2022,
OPTIDX,BANKNIFTY,31-Mar-2022,31300,PE,0,0,0,620.55,35.7,0,0,0,0,21-FEB-2022,
OPTIDX,BANKNIFTY,31-Mar-2022,31400,PE,0,0,0,69,38.9,0,0,75,0,21-FEB-2022,
OPTIDX,BANKNIFTY,31-Mar-2022,31500,PE,84.9,93.9,70.25,87.05,87.05,125,986.92,6200,1025,21-FEB-2022,
OPTIDX,BANKNIFTY,31-Mar-2022,31600,PE,0,0,0,694.8,45.95,0,0,0,0,21-FEB-2022,
OPTIDX,BANKNIFTY,31-Mar-2022,31700,PE,0,0,0,720.35,49.9,0,0,0,0,21-FEB-2022,
OPTIDX,BANKNIFTY,31-Mar-2022,31800,PE,0,0,0,746.5,54.1,0,0,0,0,21-FEB-2022,
OPTIDX,BANKNIFTY,31-Mar-2022,31900,PE,0,0,0,773.35,58.6,0,0,0,0,21-FEB-2022,
OPTIDX,BANKNIFTY,31-Mar-2022,32000,PE,110.15,120.65,85.1,108.25,108.25,1964,15762.43,38850,13675,21-FEB-2022,
OPTIDX,BANKNIFTY,31-Mar-2022,32100,PE,0,0,0,829.05,68.55,0,0,0,0,21-FEB-2022,
OPTIDX,BANKNIFTY,31-Mar-2022,32200,PE,0,0,0,857.9,74.05,0,0,0,0,21-FEB-2022,
OPTIDX,BANKNIFTY,31-Mar-2022,32300,PE,0,0,0,887.45,79.85,0,0,0,0,21-FEB-2022,
OPTIDX,BANKNIFTY,31-Mar-2022,32400,PE,0,0,0,916.3,86.05,0,0,0,0,21-FEB-2022,
OPTIDX,BANKNIFTY,31-Mar-2022,32500,PE,132.15,149.9,104.85,137.85,137.85,283,2308.27,6600,950,21-FEB-2022,
OPTIDX,BANKNIFTY,31-Mar-2022,32600,PE,0,0,0,979.05,99.65,0,0,0,0,21-FEB-2022,
OPTIDX,BANKNIFTY,31-Mar-2022,32700,PE,0,0,0,1011.45,107.1,0,0,0,0,21-FEB-2022,
OPTIDX,BANKNIFTY,31-Mar-2022,32800,PE,180.25,180.25,180.25,180.25,114.95,1,8.24,50,25,21-FEB-2022,
OPTIDX,BANKNIFTY,31-Mar-2022,32900,PE,0,0,0,84.95,123.3,0,0,0,0,21-FEB-2022,
OPTIDX,BANKNIFTY,31-Mar-2022,33000,PE,160.35,194.2,134.1,172.2,172.2,2548,21123,93325,10975,21-FEB-2022,
OPTIDX,BANKNIFTY,31-Mar-2022,33100,PE,0,0,0,1148.3,141.4,0,0,0,0,21-FEB-2022,
OPTIDX,BANKNIFTY,31-Mar-2022,33200,PE,0,0,0,1184.3,151.2,0,0,0,0,21-FEB-2022,
OPTIDX,BANKNIFTY,31-Mar-2022,33300,PE,0,0,0,1221,161.55,0,0,0,0,21-FEB-2022,
OPTIDX,BANKNIFTY,31-Mar-2022,33400,PE,0,0,0,1258.45,172.5,0,0,0,0,21-FEB-2022,
OPTIDX,BANKNIFTY,31-Mar-2022,33500,PE,200,249.55,172,216.2,216.2,939,7912.02,39075,4850,21-FEB-2022,
OPTIDX,BANKNIFTY,31-Mar-2022,33600,PE,216.7,227.8,216.7,227.8,227.8,2,16.91,100,50,21-FEB-2022,
OPTIDX,BANKNIFTY,31-Mar-2022,33700,PE,247.35,247.35,247.35,247.35,208.75,2,16.97,25,0,21-FEB-2022,
OPTIDX,BANKNIFTY,31-Mar-2022,33800,PE,215.25,250,215.25,250,250,4,34.04,150,100,21-FEB-2022,
OPTIDX,BANKNIFTY,31-Mar-2022,33900,PE,235.75,266.95,234.65,243.65,243.65,7,59.75,150,150,21-FEB-2022,
OPTIDX,BANKNIFTY,31-Mar-2022,34000,PE,268.7,318,218.55,270.25,270.25,5145,44069.74,203400,14675,21-FEB-2022,
OPTIDX,BANKNIFTY,31-Mar-2022,34100,PE,242.1,284.6,242.1,280,280,17,146.03,250,175,21-FEB-2022,
OPTIDX,BANKNIFTY,31-Mar-2022,34200,PE,258.15,258.15,258.15,258.15,282.05,1,8.61,75,25,21-FEB-2022,
OPTIDX,BANKNIFTY,31-Mar-2022,34300,PE,267.4,299.55,267.4,299.55,298.8,2,17.29,100,50,21-FEB-2022,
OPTIDX,BANKNIFTY,31-Mar-2022,34400,PE,322.85,353.3,278.95,321.55,321.55,9,78.12,200,125,21-FEB-2022,
OPTIDX,BANKNIFTY,31-Mar-2022,34500,PE,340,397.2,274.65,333.9,333.9,2731,23782.01,67575,3875,21-FEB-2022,
OPTIDX,BANKNIFTY,31-Mar-2022,34600,PE,297.75,297.75,297.75,297.75,353.65,1,8.72,100,25,21-FEB-2022,
OPTIDX,BANKNIFTY,31-Mar-2022,34700,PE,315.85,430.5,315.85,361.35,373.5,11,96.47,200,-75,21-FEB-2022,
OPTIDX,BANKNIFTY,31-Mar-2022,34800,PE,412,412.05,353.65,378,378,6,52.78,200,75,21-FEB-2022,
OPTIDX,BANKNIFTY,31-Mar-2022,34900,PE,461.4,461.4,347,360.6,415.7,5,44.11,275,25,21-FEB-2022,
OPTIDX,BANKNIFTY,31-Mar-2022,35000,PE,430.25,495,345.3,419.65,419.65,7826,69262.7,184200,35775,21-FEB-2022,
OPTIDX,BANKNIFTY,31-Mar-2022,35100,PE,493.25,493.25,381.05,381.05,461.25,8,71.07,1075,25,21-FEB-2022,
OPTIDX,BANKNIFTY,31-Mar-2022,35200,PE,479.05,481.7,451.45,473.15,473.15,4,35.66,325,75,21-FEB-2022,
OPTIDX,BANKNIFTY,31-Mar-2022,35300,PE,510.25,521.2,510.25,521.2,511.8,2,17.9,600,-25,21-FEB-2022,
OPTIDX,BANKNIFTY,31-Mar-2022,35400,PE,489.8,490.85,447.75,479.25,537.55,6,53.82,800,75,21-FEB-2022,
OPTIDX,BANKNIFTY,31-Mar-2022,35500,PE,550.3,614.95,429,516.7,516.7,3710,33406.78,69225,-8950,21-FEB-2022,
OPTIDX,BANKNIFTY,31-Mar-2022,35600,PE,542.4,589.2,484.7,542.5,542.5,6,54.23,1650,-75,21-FEB-2022,
OPTIDX,BANKNIFTY,31-Mar-2022,35700,PE,563,563,539.15,539.15,619.15,3,27.18,1400,0,21-FEB-2022,
OPTIDX,BANKNIFTY,31-Mar-2022,35800,PE,611.1,611.1,611.1,611.1,648.9,1,9.1,1000,0,21-FEB-2022,
OPTIDX,BANKNIFTY,31-Mar-2022,35900,PE,581.85,609.2,571.45,593.35,679.65,7,63.86,725,75,21-FEB-2022,
OPTIDX,BANKNIFTY,31-Mar-2022,36000,PE,664.75,754.6,531.45,636.7,636.7,8231,75371.4,162175,40025,21-FEB-2022,
OPTIDX,BANKNIFTY,31-Mar-2022,36100,PE,607.75,661,588.15,661,661,3,27.53,1700,50,21-FEB-2022,
OPTIDX,BANKNIFTY,31-Mar-2022,36200,PE,624.05,684.75,601.35,684.75,777.85,20,184.1,1225,150,21-FEB-2022,
OPTIDX,BANKNIFTY,31-Mar-2022,36300,PE,720,742,653,725.75,725.75,6,55.51,300,25,21-FEB-2022,
OPTIDX,BANKNIFTY,31-Mar-2022,36400,PE,956.45,956.45,684.7,710,848.4,11,102.1,600,150,21-FEB-2022,
OPTIDX,BANKNIFTY,31-Mar-2022,36500,PE,785.35,930.15,651,774.55,774.55,3304,30793.44,86650,13975,21-FEB-2022,
OPTIDX,BANKNIFTY,31-Mar-2022,36600,PE,815.05,833,721.05,800,800,17,158.94,1700,50,21-FEB-2022,
OPTIDX,BANKNIFTY,31-Mar-2022,36700,PE,900,908,714.25,837.1,837.1,18,168.75,2550,-75,21-FEB-2022,
OPTIDX,BANKNIFTY,31-Mar-2022,36800,PE,953.2,1019.4,702.05,850,1002.1,67,631.1,2525,-25,21-FEB-2022,
OPTIDX,BANKNIFTY,31-Mar-2022,36900,PE,1032.65,1032.65,782.85,894.45,1043.15,26,245.84,2325,50,21-FEB-2022,
OPTIDX,BANKNIFTY,31-Mar-2022,37000,PE,960,1127.75,794.25,939.7,939.7,10198,96765.13,196625,56800,21-FEB-2022,
OPTIDX,BANKNIFTY,31-Mar-2022,37100,PE,1059.9,1156,839.5,977.05,977.05,86,819.52,2900,125,21-FEB-2022,
OPTIDX,BANKNIFTY,31-Mar-2022,37200,PE,1049.95,1211.95,867.05,1011.6,1011.6,207,1978.15,3925,1425,21-FEB-2022,
OPTIDX,BANKNIFTY,31-Mar-2022,37300,PE,1119,1250,895.9,1051.25,1051.25,352,3376.44,3500,850,21-FEB-2022,
OPTIDX,BANKNIFTY,31-Mar-2022,37400,PE,1132,1290.95,909.2,1081.3,1081.3,271,2608.46,4425,-600,21-FEB-2022,
OPTIDX,BANKNIFTY,31-Mar-2022,37500,PE,1188.6,1345.75,962.85,1135,1135,8408,81207.71,129375,-75,21-FEB-2022,
OPTIDX,BANKNIFTY,31-Mar-2022,37600,PE,1196.05,1381,1008.1,1165.45,1165.45,398,3857.21,4875,750,21-FEB-2022,
OPTIDX,BANKNIFTY,31-Mar-2022,37700,PE,1257.05,1420.85,1051.15,1211.65,1211.65,295,2868.31,8550,1000,21-FEB-2022,
OPTIDX,BANKNIFTY,31-Mar-2022,37800,PE,1350,1476.95,1085,1259.95,1259.95,435,4242.39,4500,625,21-FEB-2022,
OPTIDX,BANKNIFTY,31-Mar-2022,37900,PE,1349.05,1537.7,1122.15,1297.55,1297.55,156,1526.71,2100,450,21-FEB-2022,
OPTIDX,BANKNIFTY,31-Mar-2022,38000,PE,1446.2,1600,1162.4,1351.05,1351.05,7108,69860.2,140250,5675,21-FEB-2022,
OPTIDX,BANKNIFTY,31-Mar-2022,38100,PE,1597,1626.9,1212,1403.65,1403.65,105,1035.59,1325,-75,21-FEB-2022,
OPTIDX,BANKNIFTY,31-Mar-2022,38200,PE,1639.8,1700,1261.05,1454.75,1454.75,38,376.28,2075,-250,21-FEB-2022,
OPTIDX,BANKNIFTY,31-Mar-2022,38300,PE,1675,1675,1300,1481.55,1481.55,14,138.94,3475,-100,21-FEB-2022,
OPTIDX,BANKNIFTY,31-Mar-2022,38400,PE,1532.05,1582,1365.7,1582,1786.65,23,229.13,2025,-350,21-FEB-2022,
OPTIDX,BANKNIFTY,31-Mar-2022,38500,PE,1634.2,1876.85,1399,1605.15,1605.15,1449,14509.53,60050,6650,21-FEB-2022,
OPTIDX,BANKNIFTY,31-Mar-2022,38600,PE,1840,1843.9,1468.6,1665.45,1665.45,50,504.68,2225,-825,21-FEB-2022,
OPTIDX,BANKNIFTY,31-Mar-2022,38700,PE,1824,1970.15,1496,1663.8,1963.65,14,141.55,1900,-125,21-FEB-2022,
OPTIDX,BANKNIFTY,31-Mar-2022,38800,PE,2073.5,2073.5,1556.25,1683,2024.65,8,80.97,2150,-75,21-FEB-2022,
OPTIDX,BANKNIFTY,31-Mar-2022,38900,PE,0,0,0,1840,2086.65,0,0,1400,0,21-FEB-2022,
OPTIDX,BANKNIFTY,31-Mar-2022,39000,PE,1968.85,2200,1660.55,1891.85,1891.85,956,9765.4,64275,2300,21-FEB-2022,
OPTIDX,BANKNIFTY,31-Mar-2022,39100,PE,1968.65,1968.65,1968.65,1968.65,1968.65,1,10.26,3000,25,21-FEB-2022,
OPTIDX,BANKNIFTY,31-Mar-2022,39200,PE,2001.8,2058.45,1803.85,2058.45,2278.5,4,41.13,2225,0,21-FEB-2022,
OPTIDX,BANKNIFTY,31-Mar-2022,39300,PE,2064.55,2064.55,1969.7,1969.7,2344.3,2,20.65,1725,-25,21-FEB-2022,
OPTIDX,BANKNIFTY,31-Mar-2022,39400,PE,0,0,0,2100,2411.1,0,0,1775,0,21-FEB-2022,
OPTIDX,BANKNIFTY,31-Mar-2022,39500,PE,2500,2500.3,1964.95,2203.05,2203.05,288,2994.98,14200,1350,21-FEB-2022,
OPTIDX,BANKNIFTY,31-Mar-2022,39600,PE,2408.1,2495.4,2091.75,2091.75,2547.4,5,52.47,250,25,21-FEB-2022,
OPTIDX,BANKNIFTY,31-Mar-2022,39700,PE,2507.3,2651.35,2504.7,2651.35,2616.9,4,42.24,125,0,21-FEB-2022,
OPTIDX,BANKNIFTY,31-Mar-2022,39800,PE,2559.2,2734.15,2559.2,2734.15,2687.25,8,84.84,900,25,21-FEB-2022,
OPTIDX,BANKNIFTY,31-Mar-2022,39900,PE,2676.1,2728.05,2676.1,2728.05,2758.5,4,42.6,125,0,21-FEB-2022,
OPTIDX,BANKNIFTY,31-Mar-2022,40000,PE,2740,2907.7,2290,2550,2550,311,3309.51,24325,1625,21-FEB-2022,
OPTIDX,BANKNIFTY,31-Mar-2022,40100,PE,0,0,0,1641.65,2903.5,0,0,25,0,21-FEB-2022,
OPTIDX,BANKNIFTY,31-Mar-2022,40200,PE,0,0,0,1785,2977.25,0,0,25,0,21-FEB-2022,
OPTIDX,BANKNIFTY,31-Mar-2022,40300,PE,0,0,0,1780.05,3053.55,0,0,75,0,21-FEB-2022,
OPTIDX,BANKNIFTY,31-Mar-2022,40400,PE,0,0,0,2089.25,3129,0,0,125,0,21-FEB-2022,
OPTIDX,BANKNIFTY,31-Mar-2022,40500,PE,3193.3,3195.1,2643.2,2914.8,2914.8,75,815.59,3475,550,21-FEB-2022,
OPTIDX,BANKNIFTY,31-Mar-2022,40600,PE,0,0,0,2804.7,3282.3,0,0,25,0,21-FEB-2022,
OPTIDX,BANKNIFTY,31-Mar-2022,40700,PE,0,0,0,2956.4,3358.4,0,0,50,0,21-FEB-2022,
OPTIDX,BANKNIFTY,31-Mar-2022,40800,PE,0,0,0,3037.05,3436.75,0,0,50,0,21-FEB-2022,
OPTIDX,BANKNIFTY,31-Mar-2022,40900,PE,0,0,0,3119.6,3515.8,0,0,25,0,21-FEB-2022,
OPTIDX,BANKNIFTY,31-Mar-2022,41000,PE,3614.95,3755,3032.6,3335,3335,709,7880.33,31725,12250,21-FEB-2022,
OPTIDX,BANKNIFTY,31-Mar-2022,41100,PE,0,0,0,4158.95,3675.95,0,0,0,0,21-FEB-2022,
OPTIDX,BANKNIFTY,31-Mar-2022,41200,PE,0,0,0,4254.85,3757.05,0,0,25,0,21-FEB-2022,
OPTIDX,BANKNIFTY,31-Mar-2022,41300,PE,0,0,0,4302.9,3838.8,0,0,0,0,21-FEB-2022,
OPTIDX,BANKNIFTY,31-Mar-2022,41400,PE,0,0,0,4375.65,3921.15,0,0,0,0,21-FEB-2022,
OPTIDX,BANKNIFTY,31-Mar-2022,41500,PE,4100,4100,3653.5,3653.5,4004.1,4,45.3,725,50,21-FEB-2022,
OPTIDX,BANKNIFTY,31-Mar-2022,41600,PE,0,0,0,4524.45,4087.65,0,0,0,0,21-FEB-2022,
OPTIDX,BANKNIFTY,31-Mar-2022,41700,PE,0,0,0,4598.85,4171.8,0,0,0,0,21-FEB-2022,
OPTIDX,BANKNIFTY,31-Mar-2022,41800,PE,0,0,0,4185.05,4256.5,0,0,25,0,21-FEB-2022,
OPTIDX,BANKNIFTY,31-Mar-2022,41900,PE,0,0,0,4040.8,4341.8,0,0,25,0,21-FEB-2022,
OPTIDX,BANKNIFTY,31-Mar-2022,42000,PE,4525.45,4600,3899.95,4206.7,4206.7,228,2621.69,223650,-4500,21-FEB-2022,
OPTIDX,BANKNIFTY,31-Mar-2022,42100,PE,0,0,0,4939.7,4513.9,0,0,25,0,21-FEB-2022,
OPTIDX,BANKNIFTY,31-Mar-2022,42200,PE,0,0,0,4576.8,4600.7,0,0,75,0,21-FEB-2022,
OPTIDX,BANKNIFTY,31-Mar-2022,42300,PE,0,0,0,4648.6,4688,0,0,25,0,21-FEB-2022,
OPTIDX,BANKNIFTY,31-Mar-2022,42400,PE,0,0,0,4748.5,4775.8,0,0,25,0,21-FEB-2022,
OPTIDX,BANKNIFTY,31-Mar-2022,42500,PE,4425,4541.95,4362.8,4541.95,4864.05,14,164.12,2175,300,21-FEB-2022,
OPTIDX,BANKNIFTY,31-Mar-2022,42600,PE,0,0,0,4475.65,4952.75,0,0,0,0,21-FEB-2022,
OPTIDX,BANKNIFTY,31-Mar-2022,42700,PE,0,0,0,4550.4,5041.9,0,0,0,0,21-FEB-2022,
OPTIDX,BANKNIFTY,31-Mar-2022,42800,PE,0,0,0,3952.3,5131.45,0,0,0,0,21-FEB-2022,
OPTIDX,BANKNIFTY,31-Mar-2022,42900,PE,0,0,0,4028.3,5221.4,0,0,0,0,21-FEB-2022,
OPTIDX,BANKNIFTY,31-Mar-2022,43000,PE,5460,5500,4965.8,5108.1,5311.75,9,108.46,250,125,21-FEB-2022,
OPTIDX,BANKNIFTY,31-Mar-2022,43100,PE,0,0,0,4182.15,5402.45,0,0,0,0,21-FEB-2022,
OPTIDX,BANKNIFTY,31-Mar-2022,43200,PE,0,0,0,4258.3,5493.55,0,0,0,0,21-FEB-2022,
OPTIDX,BANKNIFTY,31-Mar-2022,43300,PE,0,0,0,4336.55,5585,0,0,0,0,21-FEB-2022,
OPTIDX,BANKNIFTY,31-Mar-2022,43500,PE,0,0,0,5267.75,5768.95,0,0,25,0,21-FEB-2022,
OPTIDX,BANKNIFTY,31-Mar-2022,45000,PE,6870,7102,6770,7102,7102,57,739.49,2150,1175,21-FEB-2022,
OPTIDX,BANKNIFTY,31-Mar-2022,46500,PE,0,0,0,8547.3,8638.95,0,0,0,0,21-FEB-2022,
OPTIDX,BANKNIFTY,31-Mar-2022,48000,PE,0,0,0,8371.05,10115.45,0,0,0,0,21-FEB-2022,
OPTIDX,BANKNIFTY,28-Apr-2022,32900,CE,0,0,0,4743.85,5350.25,0,0,0,0,21-FEB-2022,
OPTIDX,BANKNIFTY,28-Apr-2022,33000,CE,0,0,0,4664.7,5266.2,0,0,0,0,21-FEB-2022,
OPTIDX,BANKNIFTY,28-Apr-2022,33100,CE,0,0,0,4586.2,5182.75,0,0,0,0,21-FEB-2022,
OPTIDX,BANKNIFTY,28-Apr-2022,33200,CE,0,0,0,4508.3,5099.85,0,0,0,0,21-FEB-2022,
OPTIDX,BANKNIFTY,28-Apr-2022,33300,CE,0,0,0,4431.1,5017.5,0,0,0,0,21-FEB-2022,
OPTIDX,BANKNIFTY,28-Apr-2022,33400,CE,0,0,0,4354.55,4935.75,0,0,0,0,21-FEB-2022,
OPTIDX,BANKNIFTY,28-Apr-2022,33500,CE,0,0,0,4278.65,4854.55,0,0,0,0,21-FEB-2022,
OPTIDX,BANKNIFTY,28-Apr-2022,33600,CE,0,0,0,4203.4,4774,0,0,0,0,21-FEB-2022,
OPTIDX,BANKNIFTY,28-Apr-2022,33700,CE,0,0,0,4292.65,4694.05,0,0,50,0,21-FEB-2022,
OPTIDX,BANKNIFTY,28-Apr-2022,33800,CE,0,0,0,4874,4614.75,0,0,0,0,21-FEB-2022,
OPTIDX,BANKNIFTY,28-Apr-2022,33900,CE,0,0,0,4798.6,4536.05,0,0,0,0,21-FEB-2022,
OPTIDX,BANKNIFTY,28-Apr-2022,34000,CE,4650,4650,4275.8,4275.8,4275.8,2,19.23,50,50,21-FEB-2022,
OPTIDX,BANKNIFTY,28-Apr-2022,34100,CE,0,0,0,4919.55,4380.65,0,0,0,0,21-FEB-2022,
OPTIDX,BANKNIFTY,28-Apr-2022,34200,CE,0,0,0,4844.75,4303.9,0,0,0,0,21-FEB-2022,
OPTIDX,BANKNIFTY,28-Apr-2022,34300,CE,0,0,0,4772,4227.85,0,0,0,0,21-FEB-2022,
OPTIDX,BANKNIFTY,28-Apr-2022,34400,CE,0,0,0,4698.35,4152.5,0,0,0,0,21-FEB-2022,
OPTIDX,BANKNIFTY,28-Apr-2022,34500,CE,0,0,0,4625.35,4077.85,0,0,0,0,21-FEB-2022,
OPTIDX,BANKNIFTY,28-Apr-2022,34600,CE,0,0,0,4552.9,4005.2,0,0,0,0,21-FEB-2022,
OPTIDX,BANKNIFTY,28-Apr-2022,34700,CE,0,0,0,4481.15,3931.8,0,0,0,0,21-FEB-2022,
OPTIDX,BANKNIFTY,28-Apr-2022,34800,CE,0,0,0,4409.95,3859.15,0,0,0,0,21-FEB-2022,
OPTIDX,BANKNIFTY,28-Apr-2022,34900,CE,0,0,0,4339.45,3787.25,0,0,0,0,21-FEB-2022,
OPTIDX,BANKNIFTY,28-Apr-2022,35000,CE,0,0,0,3360.85,3716.05,0,0,75,0,21-FEB-2022,
OPTIDX,BANKNIFTY,28-Apr-2022,35100,CE,0,0,0,4200.3,3645.6,0,0,0,0,21-FEB-2022,
OPTIDX,BANKNIFTY,28-Apr-2022,35200,CE,0,0,0,4130.3,3574.5,0,0,0,0,21-FEB-2022,
OPTIDX,BANKNIFTY,28-Apr-2022,35300,CE,0,0,0,4062.45,3505.65,0,0,0,0,21-FEB-2022,
OPTIDX,BANKNIFTY,28-Apr-2022,35400,CE,0,0,0,3995.3,3437.6,0,0,0,0,21-FEB-2022,
OPTIDX,BANKNIFTY,28-Apr-2022,35500,CE,0,0,0,3928.75,3370.3,0,0,0,0,21-FEB-2022,
OPTIDX,BANKNIFTY,28-Apr-2022,35600,CE,0,0,0,3862.9,3303.8,0,0,0,0,21-FEB-2022,
OPTIDX,BANKNIFTY,28-Apr-2022,35700,CE,0,0,0,3797.75,3238.05,0,0,0,0,21-FEB-2022,
OPTIDX,BANKNIFTY,28-Apr-2022,35800,CE,0,0,0,3733.2,3173.1,0,0,0,0,21-FEB-2022,
OPTIDX,BANKNIFTY,28-Apr-2022,35900,CE,0,0,0,3669.4,3108.95,0,0,0,0,21-FEB-2022,
OPTIDX,BANKNIFTY,28-Apr-2022,36000,CE,2660,3000,2444.05,2809.6,3045.55,23,222.59,2100,25,21-FEB-2022,
OPTIDX,BANKNIFTY,28-Apr-2022,36100,CE,0,0,0,3543.75,2982.95,0,0,0,0,21-FEB-2022,
OPTIDX,BANKNIFTY,28-Apr-2022,36200,CE,0,0,0,3481.95,2921.2,0,0,0,0,21-FEB-2022,
OPTIDX,BANKNIFTY,28-Apr-2022,36300,CE,0,0,0,3420.8,2860.2,0,0,0,0,21-FEB-2022,
OPTIDX,BANKNIFTY,28-Apr-2022,36400,CE,0,0,0,3360.4,2800,0,0,0,0,21-FEB-2022,
OPTIDX,BANKNIFTY,28-Apr-2022,36500,CE,2175,2582.05,2175,2582.05,2740.65,3,29.1,750,25,21-FEB-2022,
OPTIDX,BANKNIFTY,28-Apr-2022,36600,CE,0,0,0,3241.6,2682.1,0,0,0,0,21-FEB-2022,
OPTIDX,BANKNIFTY,28-Apr-2022,36700,CE,0,0,0,3183.2,2624.35,0,0,0,0,21-FEB-2022,
OPTIDX,BANKNIFTY,28-Apr-2022,36800,CE,0,0,0,3125.55,2567.4,0,0,0,0,21-FEB-2022,
OPTIDX,BANKNIFTY,28-Apr-2022,36900,CE,0,0,0,3068.55,2511.25,0,0,0,0,21-FEB-2022,
OPTIDX,BANKNIFTY,28-Apr-2022,37000,CE,1975.95,2340,1870,2149.65,2149.65,180,1763.24,15150,-1025,21-FEB-2022,
OPTIDX,BANKNIFTY,28-Apr-2022,37100,CE,0,0,0,2956.65,2401.45,0,0,0,0,21-FEB-2022,
OPTIDX,BANKNIFTY,28-Apr-2022,37200,CE,0,0,0,2901.7,2347.75,0,0,0,0,21-FEB-2022,
OPTIDX,BANKNIFTY,28-Apr-2022,37300,CE,0,0,0,2847.5,2294.85,0,0,0,0,21-FEB-2022,
OPTIDX,BANKNIFTY,28-Apr-2022,37400,CE,0,0,0,2793.95,2242.8,0,0,0,0,21-FEB-2022,
OPTIDX,BANKNIFTY,28-Apr-2022,37500,CE,1764.15,2006.05,1563.65,1832.85,1832.85,186,1826.44,2850,575,21-FEB-2022,
OPTIDX,BANKNIFTY,28-Apr-2022,37600,CE,0,0,0,2688.95,2141.1,0,0,0,0,21-FEB-2022,
OPTIDX,BANKNIFTY,28-Apr-2022,37700,CE,0,0,0,2637.5,2091.3,0,0,0,0,21-FEB-2022,
OPTIDX,BANKNIFTY,28-Apr-2022,37800,CE,0,0,0,2586.7,2042.45,0,0,0,0,21-FEB-2022,
OPTIDX,BANKNIFTY,28-Apr-2022,37900,CE,0,0,0,2536.65,1994.4,0,0,0,0,21-FEB-2022,
OPTIDX,BANKNIFTY,28-Apr-2022,38000,CE,1405.4,1708.75,1300,1532.9,1532.9,393,3887.41,13350,3550,21-FEB-2022,
OPTIDX,BANKNIFTY,28-Apr-2022,38100,CE,0,0,0,2438.35,1900.75,0,0,0,0,21-FEB-2022,
OPTIDX,BANKNIFTY,28-Apr-2022,38200,CE,0,0,0,1390,1855.1,0,0,25,0,21-FEB-2022,
OPTIDX,BANKNIFTY,28-Apr-2022,38300,CE,0,0,0,2342.95,1810.25,0,0,0,0,21-FEB-2022,
OPTIDX,BANKNIFTY,28-Apr-2022,38400,CE,0,0,0,2296.25,1766.2,0,0,0,0,21-FEB-2022,
OPTIDX,BANKNIFTY,28-Apr-2022,38500,CE,1177.85,1408.1,1084.8,1278.1,1278.1,130,1291.99,3225,200,21-FEB-2022,
OPTIDX,BANKNIFTY,28-Apr-2022,38600,CE,1941.65,1941.65,1941.65,1941.65,1941.65,1,10.13,50,25,21-FEB-2022,
OPTIDX,BANKNIFTY,28-Apr-2022,38700,CE,0,0,0,2160.2,1638.65,0,0,0,0,21-FEB-2022,
OPTIDX,BANKNIFTY,28-Apr-2022,38800,CE,0,0,0,2116.15,1597.7,0,0,0,0,21-FEB-2022,
OPTIDX,BANKNIFTY,28-Apr-2022,38900,CE,0,0,0,830,1557.5,0,0,25,0,21-FEB-2022,
OPTIDX,BANKNIFTY,28-Apr-2022,39000,CE,955.95,1182.45,871,1042.65,1042.65,546,5468.15,14825,725,21-FEB-2022,
OPTIDX,BANKNIFTY,28-Apr-2022,39100,CE,0,0,0,1988.1,1479.3,0,0,0,0,21-FEB-2022,
OPTIDX,BANKNIFTY,28-Apr-2022,39200,CE,0,0,0,1946.7,1441.35,0,0,0,0,21-FEB-2022,
OPTIDX,BANKNIFTY,28-Apr-2022,39300,CE,0,0,0,1905.95,1404.15,0,0,0,0,21-FEB-2022,
OPTIDX,BANKNIFTY,28-Apr-2022,39400,CE,0,0,0,1865.85,1367.65,0,0,0,0,21-FEB-2022,
OPTIDX,BANKNIFTY,28-Apr-2022,39500,CE,759,971.7,730,836,836,93,938.82,3050,925,21-FEB-2022,
OPTIDX,BANKNIFTY,28-Apr-2022,39600,CE,0,0,0,1787.55,1296.85,0,0,0,0,21-FEB-2022,
OPTIDX,BANKNIFTY,28-Apr-2022,39700,CE,0,0,0,1749.35,1262.55,0,0,0,0,21-FEB-2022,
OPTIDX,BANKNIFTY,28-Apr-2022,39800,CE,0,0,0,1711.75,1228.9,0,0,0,0,21-FEB-2022,
OPTIDX,BANKNIFTY,28-Apr-2022,39900,CE,0,0,0,1674.8,1196,0,0,0,0,21-FEB-2022,
OPTIDX,BANKNIFTY,28-Apr-2022,40000,CE,638.5,793.8,578,700.65,700.65,354,3601.86,11525,-350,21-FEB-2022,
OPTIDX,BANKNIFTY,28-Apr-2022,40100,CE,0,0,0,1602.7,1132.2,0,0,0,0,21-FEB-2022,
OPTIDX,BANKNIFTY,28-Apr-2022,40200,CE,0,0,0,1567.6,1101.3,0,0,0,0,21-FEB-2022,
OPTIDX,BANKNIFTY,28-Apr-2022,40300,CE,0,0,0,1533.05,1071.1,0,0,0,0,21-FEB-2022,
OPTIDX,BANKNIFTY,28-Apr-2022,40400,CE,0,0,0,1499.15,1041.5,0,0,0,0,21-FEB-2022,
OPTIDX,BANKNIFTY,28-Apr-2022,40500,CE,479.25,620,463.8,549.85,1012.6,33,338.7,1450,150,21-FEB-2022,
OPTIDX,BANKNIFTY,28-Apr-2022,40600,CE,0,0,0,1433.05,984.35,0,0,0,0,21-FEB-2022,
OPTIDX,BANKNIFTY,28-Apr-2022,40700,CE,0,0,0,1400.85,956.7,0,0,0,0,21-FEB-2022,
OPTIDX,BANKNIFTY,28-Apr-2022,40800,CE,0,0,0,1369.25,929.7,0,0,0,0,21-FEB-2022,
OPTIDX,BANKNIFTY,28-Apr-2022,40900,CE,0,0,0,1338.2,903.3,0,0,0,0,21-FEB-2022,
OPTIDX,BANKNIFTY,28-Apr-2022,41000,CE,373.95,516.55,370,439.15,439.15,181,1876.13,7625,-900,21-FEB-2022,
OPTIDX,BANKNIFTY,28-Apr-2022,41100,CE,0,0,0,1277.8,854.05,0,0,0,0,21-FEB-2022,
OPTIDX,BANKNIFTY,28-Apr-2022,41200,CE,0,0,0,1248.45,829.55,0,0,0,0,21-FEB-2022,
OPTIDX,BANKNIFTY,28-Apr-2022,41300,CE,0,0,0,1219.6,805.65,0,0,0,0,21-FEB-2022,
OPTIDX,BANKNIFTY,28-Apr-2022,41400,CE,0,0,0,1191.3,782.3,0,0,0,0,21-FEB-2022,
OPTIDX,BANKNIFTY,28-Apr-2022,41500,CE,283,377.85,283,327.05,759.55,12,125.52,925,25,21-FEB-2022,
OPTIDX,BANKNIFTY,28-Apr-2022,41600,CE,0,0,0,1136.3,737.35,0,0,0,0,21-FEB-2022,
OPTIDX,BANKNIFTY,28-Apr-2022,41700,CE,0,0,0,1109.6,715.65,0,0,0,0,21-FEB-2022,
OPTIDX,BANKNIFTY,28-Apr-2022,41800,CE,0,0,0,1083.4,692.95,0,0,0,0,21-FEB-2022,
OPTIDX,BANKNIFTY,28-Apr-2022,41900,CE,0,0,0,1057.7,672.25,0,0,0,0,21-FEB-2022,
OPTIDX,BANKNIFTY,28-Apr-2022,42000,CE,227.75,302,206.6,265.4,265.4,266,2811.18,6575,600,21-FEB-2022,
OPTIDX,BANKNIFTY,28-Apr-2022,42100,CE,307.9,307.9,307.9,307.9,632.35,1,10.6,475,0,21-FEB-2022,
OPTIDX,BANKNIFTY,28-Apr-2022,42200,CE,0,0,0,1072.8,613.2,0,0,0,0,21-FEB-2022,
OPTIDX,BANKNIFTY,28-Apr-2022,42300,CE,0,0,0,1046.8,594.5,0,0,0,0,21-FEB-2022,
OPTIDX,BANKNIFTY,28-Apr-2022,42400,CE,0,0,0,1021.35,576.25,0,0,0,0,21-FEB-2022,
OPTIDX,BANKNIFTY,28-Apr-2022,42500,CE,184.95,225.1,184.9,210,210,10,106.75,675,25,21-FEB-2022,
OPTIDX,BANKNIFTY,28-Apr-2022,42600,CE,0,0,0,1219.7,541.25,0,0,0,0,21-FEB-2022,
OPTIDX,BANKNIFTY,28-Apr-2022,42700,CE,0,0,0,1191.2,524.4,0,0,0,0,21-FEB-2022,
OPTIDX,BANKNIFTY,28-Apr-2022,42800,CE,0,0,0,1163.2,508.05,0,0,0,0,21-FEB-2022,
OPTIDX,BANKNIFTY,28-Apr-2022,42900,CE,0,0,0,1135.75,492.1,0,0,0,0,21-FEB-2022,
OPTIDX,BANKNIFTY,28-Apr-2022,43000,CE,134,190.8,134,150.2,150.2,46,496.34,3050,575,21-FEB-2022,
OPTIDX,BANKNIFTY,28-Apr-2022,43100,CE,0,0,0,1082.4,461.45,0,0,0,0,21-FEB-2022,
OPTIDX,BANKNIFTY,28-Apr-2022,43200,CE,0,0,0,148.95,446.75,0,0,75,0,21-FEB-2022,
OPTIDX,BANKNIFTY,28-Apr-2022,43300,CE,109.95,116.4,86.05,116.4,432.5,12,130.22,1225,100,21-FEB-2022,
OPTIDX,BANKNIFTY,28-Apr-2022,32900,PE,0,0,0,165,314.55,0,0,25,0,21-FEB-2022,
OPTIDX,BANKNIFTY,28-Apr-2022,33000,PE,286.8,327.45,242.05,296,296,38,316.13,2000,250,21-FEB-2022,
OPTIDX,BANKNIFTY,28-Apr-2022,33100,PE,0,0,0,500.1,345.55,0,0,0,0,21-FEB-2022,
OPTIDX,BANKNIFTY,28-Apr-2022,33200,PE,0,0,0,521.4,361.85,0,0,0,0,21-FEB-2022,
OPTIDX,BANKNIFTY,28-Apr-2022,33300,PE,0,0,0,543.35,378.75,0,0,0,0,21-FEB-2022,
OPTIDX,BANKNIFTY,28-Apr-2022,33400,PE,0,0,0,565.95,396.25,0,0,0,0,21-FEB-2022,
OPTIDX,BANKNIFTY,28-Apr-2022,33500,PE,371.55,371.6,335,335,335,8,67.7,125,75,21-FEB-2022,
OPTIDX,BANKNIFTY,28-Apr-2022,33600,PE,0,0,0,613.15,433,0,0,0,0,21-FEB-2022,
OPTIDX,BANKNIFTY,28-Apr-2022,33700,PE,355,355,355,355,452.3,1,8.51,1875,25,21-FEB-2022,
OPTIDX,BANKNIFTY,28-Apr-2022,33800,PE,0,0,0,350,472.2,0,0,50,0,21-FEB-2022,
OPTIDX,BANKNIFTY,28-Apr-2022,33900,PE,0,0,0,668.5,492.75,0,0,0,0,21-FEB-2022,
OPTIDX,BANKNIFTY,28-Apr-2022,34000,PE,417.4,473.55,354.7,410.15,410.15,138,1186.96,8350,1225,21-FEB-2022,
OPTIDX,BANKNIFTY,28-Apr-2022,34100,PE,0,0,0,682.2,535.8,0,0,0,0,21-FEB-2022,
OPTIDX,BANKNIFTY,28-Apr-2022,34200,PE,0,0,0,706.4,558.35,0,0,0,0,21-FEB-2022,
OPTIDX,BANKNIFTY,28-Apr-2022,34300,PE,0,0,0,732.6,581.55,0,0,0,0,21-FEB-2022,
OPTIDX,BANKNIFTY,28-Apr-2022,34400,PE,0,0,0,757.9,605.4,0,0,0,0,21-FEB-2022,
OPTIDX,BANKNIFTY,28-Apr-2022,34500,PE,532.95,549.05,428,488.1,488.1,34,297.48,1400,50,21-FEB-2022,
OPTIDX,BANKNIFTY,28-Apr-2022,34600,PE,0,0,0,810.4,656.55,0,0,0,0,21-FEB-2022,
OPTIDX,BANKNIFTY,28-Apr-2022,34700,PE,0,0,0,837.55,682.45,0,0,0,0,21-FEB-2022,
OPTIDX,BANKNIFTY,28-Apr-2022,34800,PE,0,0,0,865.35,709.05,0,0,0,0,21-FEB-2022,
OPTIDX,BANKNIFTY,28-Apr-2022,34900,PE,0,0,0,893.8,736.35,0,0,0,0,21-FEB-2022,
OPTIDX,BANKNIFTY,28-Apr-2022,35000,PE,605,685,506.55,593.75,593.75,203,1806.54,13150,650,21-FEB-2022,
OPTIDX,BANKNIFTY,28-Apr-2022,35100,PE,0,0,0,952.6,793.2,0,0,0,0,21-FEB-2022,
OPTIDX,BANKNIFTY,28-Apr-2022,35200,PE,0,0,0,981.5,821.3,0,0,0,0,21-FEB-2022,
OPTIDX,BANKNIFTY,28-Apr-2022,35300,PE,0,0,0,1012.65,851.7,0,0,0,0,21-FEB-2022,
OPTIDX,BANKNIFTY,28-Apr-2022,35400,PE,0,0,0,1044.45,882.9,0,0,0,0,21-FEB-2022,
OPTIDX,BANKNIFTY,28-Apr-2022,35500,PE,743.15,843.35,625.35,711.25,711.25,30,271.47,1225,-25,21-FEB-2022,
OPTIDX,BANKNIFTY,28-Apr-2022,35600,PE,0,0,0,1110,947.6,0,0,0,0,21-FEB-2022,
OPTIDX,BANKNIFTY,28-Apr-2022,35700,PE,0,0,0,1143.75,981.1,0,0,0,0,21-FEB-2022,
OPTIDX,BANKNIFTY,28-Apr-2022,35800,PE,0,0,0,1178.2,1015.35,0,0,0,0,21-FEB-2022,
OPTIDX,BANKNIFTY,28-Apr-2022,35900,PE,0,0,0,1213.35,1050.45,0,0,0,0,21-FEB-2022,
OPTIDX,BANKNIFTY,28-Apr-2022,36000,PE,849.95,961.85,740,841.1,841.1,355,3272.83,11050,2975,21-FEB-2022,
OPTIDX,BANKNIFTY,28-Apr-2022,36100,PE,0,0,0,1285.6,1122.95,0,0,0,0,21-FEB-2022,
OPTIDX,BANKNIFTY,28-Apr-2022,36200,PE,0,0,0,1322.75,1160.4,0,0,0,0,21-FEB-2022,
OPTIDX,BANKNIFTY,28-Apr-2022,36300,PE,0,0,0,1360.6,1198.65,0,0,0,0,21-FEB-2022,
OPTIDX,BANKNIFTY,28-Apr-2022,36400,PE,0,0,0,1399.1,1237.7,0,0,0,0,21-FEB-2022,
OPTIDX,BANKNIFTY,28-Apr-2022,36500,PE,1059.6,1133.35,866.45,994.6,994.6,120,1124.55,3700,250,21-FEB-2022,
OPTIDX,BANKNIFTY,28-Apr-2022,36600,PE,0,0,0,1478.25,1318.25,0,0,0,0,21-FEB-2022,
OPTIDX,BANKNIFTY,28-Apr-2022,36700,PE,1075,1105,915,915,1359.75,16,150.81,1600,25,21-FEB-2022,
OPTIDX,BANKNIFTY,28-Apr-2022,36800,PE,0,0,0,1560.1,1402.05,0,0,0,0,21-FEB-2022,
OPTIDX,BANKNIFTY,28-Apr-2022,36900,PE,0,0,0,1602.05,1445.15,0,0,0,0,21-FEB-2022,
OPTIDX,BANKNIFTY,28-Apr-2022,37000,PE,1186.85,1329,1016.7,1166.65,1166.65,474,4520.82,18175,-1075,21-FEB-2022,
OPTIDX,BANKNIFTY,28-Apr-2022,37100,PE,0,0,0,1688.1,1533.8,0,0,0,0,21-FEB-2022,
OPTIDX,BANKNIFTY,28-Apr-2022,37200,PE,0,0,0,1732.1,1579.35,0,0,0,0,21-FEB-2022,
OPTIDX,BANKNIFTY,28-Apr-2022,37300,PE,0,0,0,1776.85,1625.7,0,0,0,0,21-FEB-2022,
OPTIDX,BANKNIFTY,28-Apr-2022,37400,PE,0,0,0,1822.3,1672.9,0,0,0,0,21-FEB-2022,
OPTIDX,BANKNIFTY,28-Apr-2022,37500,PE,1390,1530,1200,1378.6,1378.6,272,2642.65,4750,325,21-FEB-2022,
OPTIDX,BANKNIFTY,28-Apr-2022,37600,PE,0,0,0,1915.2,1769.65,0,0,0,0,21-FEB-2022,
OPTIDX,BANKNIFTY,28-Apr-2022,37700,PE,1684.15,1684.45,1575.1,1575.15,1575.15,6,59.02,150,150,21-FEB-2022,
OPTIDX,BANKNIFTY,28-Apr-2022,37800,PE,0,0,0,2010.85,1869.5,0,0,0,0,21-FEB-2022,
OPTIDX,BANKNIFTY,28-Apr-2022,37900,PE,0,0,0,2059.75,1920.7,0,0,0,0,21-FEB-2022,
OPTIDX,BANKNIFTY,28-Apr-2022,38000,PE,1566.45,1765,1400,1588.15,1588.15,543,5364.35,18100,2325,21-FEB-2022,
OPTIDX,BANKNIFTY,28-Apr-2022,38100,PE,0,0,0,1648.85,2025.55,0,0,100,0,21-FEB-2022,
OPTIDX,BANKNIFTY,28-Apr-2022,38200,PE,0,0,0,2210.3,2079.1,0,0,0,0,21-FEB-2022,
OPTIDX,BANKNIFTY,28-Apr-2022,38300,PE,0,0,0,2261.9,2133.5,0,0,0,0,21-FEB-2022,
OPTIDX,BANKNIFTY,28-Apr-2022,38400,PE,0,0,0,2314.15,2188.7,0,0,0,0,21-FEB-2022,
OPTIDX,BANKNIFTY,28-Apr-2022,38500,PE,1920.05,1940,1600,1833.4,1833.4,32,321.95,1250,100,21-FEB-2022,
OPTIDX,BANKNIFTY,28-Apr-2022,38600,PE,0,0,0,1835.4,2301.35,0,0,25,0,21-FEB-2022,
OPTIDX,BANKNIFTY,28-Apr-2022,38700,PE,0,0,0,2474.95,2358.85,0,0,0,0,21-FEB-2022,
OPTIDX,BANKNIFTY,28-Apr-2022,38800,PE,0,0,0,2529.9,2417.15,0,0,0,0,21-FEB-2022,
OPTIDX,BANKNIFTY,28-Apr-2022,38900,PE,0,0,0,2250,2476.15,0,0,50,0,21-FEB-2022,
OPTIDX,BANKNIFTY,28-Apr-2022,39000,PE,2162.5,2250,1891.75,2099.65,2099.65,40,410.62,7000,-150,21-FEB-2022,
OPTIDX,BANKNIFTY,28-Apr-2022,39100,PE,0,0,0,2698.7,2596.5,0,0,0,0,21-FEB-2022,
OPTIDX,BANKNIFTY,28-Apr-2022,39200,PE,0,0,0,2756.25,2657.8,0,0,0,0,21-FEB-2022,
OPTIDX,BANKNIFTY,28-Apr-2022,39300,PE,0,0,0,2814.45,2719.8,0,0,0,0,21-FEB-2022,
OPTIDX,BANKNIFTY,28-Apr-2022,39400,PE,0,0,0,2873.3,2782.55,0,0,0,0,21-FEB-2022,
OPTIDX,BANKNIFTY,28-Apr-2022,39500,PE,2539.7,2660.75,2539.7,2660.75,2846.05,2,21.05,975,0,21-FEB-2022,
OPTIDX,BANKNIFTY,28-Apr-2022,39600,PE,0,0,0,2992.95,2910.25,0,0,0,0,21-FEB-2022,
OPTIDX,BANKNIFTY,28-Apr-2022,39700,PE,0,0,0,3053.7,2975.15,0,0,0,0,21-FEB-2022,
OPTIDX,BANKNIFTY,28-Apr-2022,39800,PE,0,0,0,3115.05,3040.75,0,0,0,0,21-FEB-2022,
OPTIDX,BANKNIFTY,28-Apr-2022,39900,PE,0,0,0,3177.05,3107.05,0,0,0,0,21-FEB-2022,
OPTIDX,BANKNIFTY,28-Apr-2022,40000,PE,2800,3000,2485,2650,2650,17,181.67,1625,-75,21-FEB-2022,
OPTIDX,BANKNIFTY,28-Apr-2022,40100,PE,0,0,0,3302.9,3241.75,0,0,0,0,21-FEB-2022,
OPTIDX,BANKNIFTY,28-Apr-2022,40200,PE,0,0,0,3366.75,3310.1,0,0,0,0,21-FEB-2022,
OPTIDX,BANKNIFTY,28-Apr-2022,40300,PE,0,0,0,3431.2,3379.15,0,0,0,0,21-FEB-2022,
OPTIDX,BANKNIFTY,28-Apr-2022,40400,PE,0,0,0,3496.2,3448.8,0,0,0,0,21-FEB-2022,
OPTIDX,BANKNIFTY,28-Apr-2022,40500,PE,2717.75,2717.75,2717.75,2717.75,3519.15,1,10.8,25,25,21-FEB-2022,
OPTIDX,BANKNIFTY,28-Apr-2022,40600,PE,0,0,0,3628,3590.1,0,0,0,0,21-FEB-2022,
OPTIDX,BANKNIFTY,28-Apr-2022,40700,PE,0,0,0,3694.8,3661.7,0,0,0,0,21-FEB-2022,
OPTIDX,BANKNIFTY,28-Apr-2022,40800,PE,0,0,0,3762.15,3733.95,0,0,0,0,21-FEB-2022,
OPTIDX,BANKNIFTY,28-Apr-2022,40900,PE,0,0,0,3830.05,3806.8,0,0,0,0,21-FEB-2022,
OPTIDX,BANKNIFTY,28-Apr-2022,41000,PE,3200,3290,3200,3290,3880.25,3,33.19,125,25,21-FEB-2022,
OPTIDX,BANKNIFTY,28-Apr-2022,41100,PE,0,0,0,3967.6,3956,0,0,0,0,21-FEB-2022,
OPTIDX,BANKNIFTY,28-Apr-2022,41200,PE,0,0,0,4037.15,4030.75,0,0,0,0,21-FEB-2022,
OPTIDX,BANKNIFTY,28-Apr-2022,41300,PE,0,0,0,4107.3,4106.1,0,0,0,0,21-FEB-2022,
OPTIDX,BANKNIFTY,28-Apr-2022,41400,PE,0,0,0,4177.95,4182,0,0,0,0,21-FEB-2022,
OPTIDX,BANKNIFTY,28-Apr-2022,41500,PE,0,0,0,4249.15,4258.5,0,0,0,0,21-FEB-2022,
OPTIDX,BANKNIFTY,28-Apr-2022,41600,PE,0,0,0,4320.9,4335.5,0,0,0,0,21-FEB-2022,
OPTIDX,BANKNIFTY,28-Apr-2022,41700,PE,0,0,0,4393.1,4413.1,0,0,0,0,21-FEB-2022,
OPTIDX,BANKNIFTY,28-Apr-2022,41800,PE,0,0,0,4465.9,4489.6,0,0,0,0,21-FEB-2022,
OPTIDX,BANKNIFTY,28-Apr-2022,41900,PE,0,0,0,4539.15,4568.15,0,0,0,0,21-FEB-2022,
OPTIDX,BANKNIFTY,28-Apr-2022,42000,PE,0,0,0,3800,4647.2,0,0,450,0,21-FEB-2022,
OPTIDX,BANKNIFTY,28-Apr-2022,42100,PE,0,0,0,3592.85,4726.75,0,0,475,0,21-FEB-2022,
OPTIDX,BANKNIFTY,28-Apr-2022,42200,PE,0,0,0,4350.75,4806.8,0,0,0,0,21-FEB-2022,
OPTIDX,BANKNIFTY,28-Apr-2022,42300,PE,0,0,0,4423.8,4887.35,0,0,0,0,21-FEB-2022,
OPTIDX,BANKNIFTY,28-Apr-2022,42400,PE,0,0,0,4497.35,4968.35,0,0,0,0,21-FEB-2022,
OPTIDX,BANKNIFTY,28-Apr-2022,42500,PE,0,0,0,4573.2,5049.85,0,0,0,0,21-FEB-2022,
OPTIDX,BANKNIFTY,28-Apr-2022,42600,PE,0,0,0,4072.6,5131.8,0,0,0,0,21-FEB-2022,
OPTIDX,BANKNIFTY,28-Apr-2022,42700,PE,0,0,0,4143.1,5214.2,0,0,0,0,21-FEB-2022,
OPTIDX,BANKNIFTY,28-Apr-2022,42800,PE,0,0,0,4214.15,5297.1,0,0,0,0,21-FEB-2022,
OPTIDX,BANKNIFTY,28-Apr-2022,42900,PE,0,0,0,4285.7,5380.35,0,0,0,0,21-FEB-2022,
OPTIDX,BANKNIFTY,28-Apr-2022,43000,PE,0,0,0,4357.8,5464.1,0,0,0,0,21-FEB-2022,
OPTIDX,BANKNIFTY,28-Apr-2022,43100,PE,0,0,0,4430.45,5548.25,0,0,0,0,21-FEB-2022,
OPTIDX,BANKNIFTY,28-Apr-2022,43200,PE,0,0,0,4503.55,5632.8,0,0,0,0,21-FEB-2022,
OPTIDX,BANKNIFTY,28-Apr-2022,43300,PE,0,0,0,4577.2,5717.75,0,0,0,0,21-FEB-2022,
OPTIDX,BANKNIFTY,30-Jun-2022,27000,CE,0,0,0,10293.2,11147.55,0,0,0,0,21-FEB-2022,
OPTIDX,BANKNIFTY,30-Jun-2022,28500,CE,0,0,0,9291.95,9741.1,0,0,0,0,21-FEB-2022,
OPTIDX,BANKNIFTY,30-Jun-2022,30000,CE,0,0,0,8362.8,8388.35,0,0,0,0,21-FEB-2022,
OPTIDX,BANKNIFTY,30-Jun-2022,31500,CE,0,0,0,7504.8,7110.25,0,0,0,0,21-FEB-2022,
OPTIDX,BANKNIFTY,30-Jun-2022,33000,CE,0,0,0,6719.1,5927.45,0,0,0,0,21-FEB-2022,
OPTIDX,BANKNIFTY,30-Jun-2022,34500,CE,0,0,0,6001.65,4856.35,0,0,0,0,21-FEB-2022,
OPTIDX,BANKNIFTY,30-Jun-2022,36000,CE,0,0,0,5349.75,3911.6,0,0,0,0,21-FEB-2022,
OPTIDX,BANKNIFTY,30-Jun-2022,37500,CE,0,0,0,3679.9,3097.05,0,0,50,0,21-FEB-2022,
OPTIDX,BANKNIFTY,30-Jun-2022,39000,CE,1000,1000,1000,1000,1000,2,20,75,50,21-FEB-2022,
OPTIDX,BANKNIFTY,30-Jun-2022,40500,CE,0,0,0,3749.35,1847.15,0,0,0,0,21-FEB-2022,
OPTIDX,BANKNIFTY,30-Jun-2022,42000,CE,0,0,0,3320.75,1393.2,0,0,0,0,21-FEB-2022,
OPTIDX,BANKNIFTY,30-Jun-2022,43500,CE,0,0,0,1170,1038.1,0,0,0,0,21-FEB-2022,
OPTIDX,BANKNIFTY,30-Jun-2022,45000,CE,0,0,0,999.7,760.45,0,0,0,0,21-FEB-2022,
OPTIDX,BANKNIFTY,30-Jun-2022,46500,CE,0,0,0,1042.85,550.55,0,0,0,0,21-FEB-2022,
OPTIDX,BANKNIFTY,30-Jun-2022,27000,PE,0,0,0,1448.5,62.2,0,0,0,0,21-FEB-2022,
OPTIDX,BANKNIFTY,30-Jun-2022,28500,PE,0,0,0,1890.7,133.6,0,0,0,0,21-FEB-2022,
OPTIDX,BANKNIFTY,30-Jun-2022,30000,PE,0,0,0,225,258.65,0,0,275,0,21-FEB-2022,
OPTIDX,BANKNIFTY,30-Jun-2022,31500,PE,0,0,0,2990.5,458.35,0,0,0,0,21-FEB-2022,
OPTIDX,BANKNIFTY,30-Jun-2022,33000,PE,0,0,0,3648.25,753.35,0,0,0,0,21-FEB-2022,
OPTIDX,BANKNIFTY,30-Jun-2022,34500,PE,0,0,0,4374.25,1160.05,0,0,0,0,21-FEB-2022,
OPTIDX,BANKNIFTY,30-Jun-2022,36000,PE,0,0,0,5165.8,1693.05,0,0,0,0,21-FEB-2022,
OPTIDX,BANKNIFTY,30-Jun-2022,37500,PE,2100,2100,2100,2100,2356.3,2,19.8,100,0,21-FEB-2022,
OPTIDX,BANKNIFTY,30-Jun-2022,39000,PE,0,0,0,6930.6,3148.3,0,0,0,0,21-FEB-2022,
OPTIDX,BANKNIFTY,30-Jun-2022,40500,PE,0,0,0,7895.8,4062,0,0,0,0,21-FEB-2022,
OPTIDX,BANKNIFTY,30-Jun-2022,42000,PE,0,0,0,8910.65,5085.85,0,0,0,0,21-FEB-2022,
OPTIDX,BANKNIFTY,30-Jun-2022,43500,PE,0,0,0,7389.05,6208.5,0,0,0,0,21-FEB-2022,
OPTIDX,BANKNIFTY,30-Jun-2022,45000,PE,0,0,0,8275.85,7408.7,0,0,0,0,21-FEB-2022,
OPTIDX,BANKNIFTY,30-Jun-2022,46500,PE,0,0,0,8308.15,8676.55,0,0,0,0,21-FEB-2022,
OPTIDX,BANKNIFTY,29-Sep-2022,27000,CE,0,0,0,8968.15,11579.8,0,0,0,0,21-FEB-2022,
OPTIDX,BANKNIFTY,29-Sep-2022,28500,CE,0,0,0,9323.7,10266.85,0,0,0,0,21-FEB-2022,
OPTIDX,BANKNIFTY,29-Sep-2022,30000,CE,0,0,0,9919.6,9019.5,0,0,0,0,21-FEB-2022,
OPTIDX,BANKNIFTY,29-Sep-2022,31500,CE,0,0,0,8902.35,7850,0,0,0,0,21-FEB-2022,
OPTIDX,BANKNIFTY,29-Sep-2022,33000,CE,0,0,0,7853.65,6769.45,0,0,0,0,21-FEB-2022,
OPTIDX,BANKNIFTY,29-Sep-2022,34500,CE,0,0,0,7088.7,5781.75,0,0,0,0,21-FEB-2022,
OPTIDX,BANKNIFTY,29-Sep-2022,36000,CE,0,0,0,6293.65,4895.95,0,0,0,0,21-FEB-2022,
OPTIDX,BANKNIFTY,29-Sep-2022,37500,CE,0,0,0,5570.15,4110.3,0,0,0,0,21-FEB-2022,
OPTIDX,BANKNIFTY,29-Sep-2022,39000,CE,0,0,0,4915.6,3422.3,0,0,0,0,21-FEB-2022,
OPTIDX,BANKNIFTY,29-Sep-2022,40500,CE,0,0,0,4326.35,2827.4,0,0,0,0,21-FEB-2022,
OPTIDX,BANKNIFTY,29-Sep-2022,42000,CE,0,0,0,3798.35,2318.7,0,0,0,0,21-FEB-2022,
OPTIDX,BANKNIFTY,29-Sep-2022,43500,CE,0,0,0,1900.85,1888.45,0,0,0,0,21-FEB-2022,
OPTIDX,BANKNIFTY,29-Sep-2022,45000,CE,0,0,0,1702.5,1530.6,0,0,0,0,21-FEB-2022,
OPTIDX,BANKNIFTY,29-Sep-2022,46500,CE,0,0,0,1788.6,1232.6,0,0,0,0,21-FEB-2022,
OPTIDX,BANKNIFTY,29-Sep-2022,27000,PE,0,0,0,699.75,216.1,0,0,0,0,21-FEB-2022,
OPTIDX,BANKNIFTY,29-Sep-2022,28500,PE,0,0,0,870.55,365.5,0,0,0,0,21-FEB-2022,
OPTIDX,BANKNIFTY,29-Sep-2022,30000,PE,0,0,0,1364.5,580.45,0,0,0,0,21-FEB-2022,
OPTIDX,BANKNIFTY,29-Sep-2022,31500,PE,0,0,0,1790.75,873.3,0,0,0,0,21-FEB-2022,
OPTIDX,BANKNIFTY,29-Sep-2022,33000,PE,0,0,0,2289.15,1255.05,0,0,0,0,21-FEB-2022,
OPTIDX,BANKNIFTY,29-Sep-2022,34500,PE,0,0,0,2864.1,1729.7,0,0,0,0,21-FEB-2022,
OPTIDX,BANKNIFTY,29-Sep-2022,36000,PE,0,0,0,3512.55,2306.2,0,0,0,0,21-FEB-2022,
OPTIDX,BANKNIFTY,29-Sep-2022,37500,PE,0,0,0,4232.55,2982.9,0,0,0,0,21-FEB-2022,
OPTIDX,BANKNIFTY,29-Sep-2022,39000,PE,0,0,0,5021.5,3757.2,0,0,0,0,21-FEB-2022,
OPTIDX,BANKNIFTY,29-Sep-2022,40500,PE,0,0,0,5875.75,4624.65,0,0,0,0,21-FEB-2022,
OPTIDX,BANKNIFTY,29-Sep-2022,42000,PE,0,0,0,6791.25,5578.3,0,0,0,0,21-FEB-2022,
OPTIDX,BANKNIFTY,29-Sep-2022,43500,PE,0,0,0,7687.3,6610.4,0,0,0,0,21-FEB-2022,
OPTIDX,BANKNIFTY,29-Sep-2022,45000,PE,0,0,0,8531.05,7714.8,0,0,0,0,21-FEB-2022,
OPTIDX,BANKNIFTY,29-Sep-2022,46500,PE,0,0,0,8588.85,8879.15,0,0,0,0,21-FEB-2022,
OPTIDX,BANKNIFTY,29-Dec-2022,27000,CE,0,0,0,9962.9,12037.65,0,0,0,0,21-FEB-2022,
OPTIDX,BANKNIFTY,29-Dec-2022,28500,CE,0,0,0,8860.1,10798.45,0,0,0,0,21-FEB-2022,
OPTIDX,BANKNIFTY,29-Dec-2022,30000,CE,0,0,0,7834.4,9625.8,0,0,0,0,21-FEB-2022,
OPTIDX,BANKNIFTY,29-Dec-2022,31500,CE,0,0,0,6889.65,8528.35,0,0,0,0,21-FEB-2022,
OPTIDX,BANKNIFTY,29-Dec-2022,33000,CE,0,0,0,6030.45,7509,0,0,0,0,21-FEB-2022,
OPTIDX,BANKNIFTY,29-Dec-2022,34500,CE,0,0,0,5253.85,6572.05,0,0,0,0,21-FEB-2022,
OPTIDX,BANKNIFTY,29-Dec-2022,36000,CE,0,0,0,4557.3,5721.7,0,0,0,0,21-FEB-2022,
OPTIDX,BANKNIFTY,29-Dec-2022,37500,CE,4700,4700,1980.05,1980.05,4955.25,2,20.42,0,0,21-FEB-2022,
OPTIDX,BANKNIFTY,29-Dec-2022,39000,CE,0,0,0,3389.05,4270.1,0,0,0,0,21-FEB-2022,
OPTIDX,BANKNIFTY,29-Dec-2022,40500,CE,0,0,0,2907.25,3662.75,0,0,0,0,21-FEB-2022,
OPTIDX,BANKNIFTY,29-Dec-2022,42000,CE,0,0,0,2486.15,3128.15,0,0,0,0,21-FEB-2022,
OPTIDX,BANKNIFTY,29-Dec-2022,43500,CE,0,0,0,2249.35,2660.85,0,0,0,0,21-FEB-2022,
OPTIDX,BANKNIFTY,29-Dec-2022,45000,CE,0,0,0,2371.05,2254.9,0,0,0,0,21-FEB-2022,
OPTIDX,BANKNIFTY,29-Dec-2022,46500,CE,0,0,0,2492.5,1906.8,0,0,0,0,21-FEB-2022,
OPTIDX,BANKNIFTY,29-Dec-2022,27000,PE,0,0,0,572.6,398.45,0,0,200,0,21-FEB-2022,
OPTIDX,BANKNIFTY,29-Dec-2022,28500,PE,0,0,0,1157.45,606.25,0,0,0,0,21-FEB-2022,
OPTIDX,BANKNIFTY,29-Dec-2022,30000,PE,0,0,0,1571.75,880.65,0,0,0,0,21-FEB-2022,
OPTIDX,BANKNIFTY,29-Dec-2022,31500,PE,0,0,0,2067.1,1230.25,0,0,0,0,21-FEB-2022,
OPTIDX,BANKNIFTY,29-Dec-2022,33000,PE,0,0,0,2647.9,1657.9,0,0,0,0,21-FEB-2022,
OPTIDX,BANKNIFTY,29-Dec-2022,34500,PE,0,0,0,3311.35,2167.95,0,0,0,0,21-FEB-2022,
OPTIDX,BANKNIFTY,29-Dec-2022,36000,PE,0,0,0,4054.85,2764.65,0,0,0,0,21-FEB-2022,
OPTIDX,BANKNIFTY,29-Dec-2022,37500,PE,0,0,0,3000,3445.25,0,0,100,0,21-FEB-2022,
OPTIDX,BANKNIFTY,29-Dec-2022,39000,PE,0,0,0,5766.75,4207.1,0,0,0,0,21-FEB-2022,
OPTIDX,BANKNIFTY,29-Dec-2022,40500,PE,0,0,0,6724.95,5046.75,0,0,0,0,21-FEB-2022,
OPTIDX,BANKNIFTY,29-Dec-2022,42000,PE,0,0,0,7743.9,5959.2,0,0,0,0,21-FEB-2022,
OPTIDX,BANKNIFTY,29-Dec-2022,43500,PE,0,0,0,8534.85,6938.9,0,0,0,0,21-FEB-2022,
OPTIDX,BANKNIFTY,29-Dec-2022,45000,PE,0,0,0,8756.55,7980,0,0,0,0,21-FEB-2022,
OPTIDX,BANKNIFTY,29-Dec-2022,46500,PE,0,0,0,8832.55,9078.9,0,0,0,0,21-FEB-2022,
OPTIDX,NIFTY,24-Feb-2022,15100,CE,2115,2238,2000,2107.05,2107.05,493,4243.14,90200,-11200,21-FEB-2022,
OPTIDX,NIFTY,24-Feb-2022,15150,CE,0,0,0,2340.9,2061.7,0,0,50,0,21-FEB-2022,
OPTIDX,NIFTY,24-Feb-2022,15200,CE,1938.65,1938.65,1938.65,1938.65,2011.75,1,8.56,400,50,21-FEB-2022,
OPTIDX,NIFTY,24-Feb-2022,15250,CE,1999,2075.9,1999,2075.9,1961.75,2,17.28,100,50,21-FEB-2022,
OPTIDX,NIFTY,24-Feb-2022,15300,CE,1837.95,2017.75,1820,1945.4,1911.75,34,291.38,1400,50,21-FEB-2022,
OPTIDX,NIFTY,24-Feb-2022,15350,CE,0,0,0,2084.6,1861.8,0,0,50,0,21-FEB-2022,
OPTIDX,NIFTY,24-Feb-2022,15400,CE,1722.65,1907.2,1722.65,1816.45,1811.8,9,77.27,2150,-100,21-FEB-2022,
OPTIDX,NIFTY,24-Feb-2022,15450,CE,0,0,0,1551.4,1761.8,0,0,50,0,21-FEB-2022,
OPTIDX,NIFTY,24-Feb-2022,15500,CE,1680.15,1842,1589.5,1709.35,1709.35,1258,10838.54,368500,-33000,21-FEB-2022,
OPTIDX,NIFTY,24-Feb-2022,15550,CE,0,0,0,1449.45,1661.85,0,0,200,0,21-FEB-2022,
OPTIDX,NIFTY,24-Feb-2022,15600,CE,1600,1600,1600,1600,1611.85,1,8.6,7100,-50,21-FEB-2022,
OPTIDX,NIFTY,24-Feb-2022,15650,CE,1503.4,1503.4,1503.4,1503.4,1561.9,1,8.57,150,50,21-FEB-2022,
OPTIDX,NIFTY,24-Feb-2022,15700,CE,1445.05,1471.75,1425,1471.75,1511.9,5,42.86,900,50,21-FEB-2022,
OPTIDX,NIFTY,24-Feb-2022,15750,CE,1440,1440,1440,1440,1461.9,1,8.59,300,50,21-FEB-2022,
OPTIDX,NIFTY,24-Feb-2022,15800,CE,1385,1442.6,1385,1439,1411.95,4,34.45,3200,-50,21-FEB-2022,
OPTIDX,NIFTY,24-Feb-2022,15850,CE,1282.8,1282.8,1282.8,1282.8,1361.95,1,8.56,350,50,21-FEB-2022,
OPTIDX,NIFTY,24-Feb-2022,15900,CE,1242.2,1399.6,1242.2,1375.45,1311.95,10,86.17,1950,-200,21-FEB-2022,
OPTIDX,NIFTY,24-Feb-2022,15950,CE,1135.6,1360,1135.3,1340,1262,17,145.59,400,50,21-FEB-2022,
OPTIDX,NIFTY,24-Feb-2022,16000,CE,1213.35,1357,1096.6,1206.3,1206.3,1519,13067.34,348850,-200,21-FEB-2022,
OPTIDX,NIFTY,24-Feb-2022,16050,CE,1197.7,1205.9,1183.1,1183.1,1162.05,4,34.48,700,150,21-FEB-2022,
OPTIDX,NIFTY,24-Feb-2022,16100,CE,1142,1211.25,1142,1211.25,1112.05,2,17.27,4900,0,21-FEB-2022,
OPTIDX,NIFTY,24-Feb-2022,16150,CE,1024.8,1042.75,1024.8,1042.75,1042.75,4,34.36,550,50,21-FEB-2022,
OPTIDX,NIFTY,24-Feb-2022,16200,CE,1044.85,1152.6,909,1020.65,1020.65,98,844.86,11150,-800,21-FEB-2022,
OPTIDX,NIFTY,24-Feb-2022,16250,CE,881.1,1000.3,881.1,991.75,962.3,3,25.81,1950,50,21-FEB-2022,
OPTIDX,NIFTY,24-Feb-2022,16300,CE,872.9,1053.35,810,912,912,103,888.4,5550,-850,21-FEB-2022,
OPTIDX,NIFTY,24-Feb-2022,16350,CE,975,991.75,897.6,897.6,862.65,6,51.91,2700,-100,21-FEB-2022,
OPTIDX,NIFTY,24-Feb-2022,16400,CE,800.9,947.75,709.8,813.55,813.55,124,1067.36,11350,350,21-FEB-2022,
OPTIDX,NIFTY,24-Feb-2022,16450,CE,788.9,892.55,708.5,776,776,26,224.2,6800,-200,21-FEB-2022,
OPTIDX,NIFTY,24-Feb-2022,16500,CE,738.8,865.25,617.5,725.25,725.25,6568,56590.51,278350,75200,21-FEB-2022,
OPTIDX,NIFTY,24-Feb-2022,16550,CE,695,803.75,589.1,680.95,680.95,77,663.46,5850,100,21-FEB-2022,
OPTIDX,NIFTY,24-Feb-2022,16600,CE,658.3,766,531.6,624.15,624.15,803,6913.39,52450,-750,21-FEB-2022,
OPTIDX,NIFTY,24-Feb-2022,16650,CE,604.65,713.35,501.9,581.4,581.4,319,2749.39,5300,-450,21-FEB-2022,
OPTIDX,NIFTY,24-Feb-2022,16700,CE,556.85,667.8,446.2,538.8,538.8,2392,20615.4,99000,-3900,21-FEB-2022,
OPTIDX,NIFTY,24-Feb-2022,16750,CE,479.05,626.15,409,489.45,489.45,380,3277.36,27850,-700,21-FEB-2022,
OPTIDX,NIFTY,24-Feb-2022,16800,CE,474.05,583,366.75,446.35,446.35,14312,123475.83,221200,12050,21-FEB-2022,
OPTIDX,NIFTY,24-Feb-2022,16850,CE,428.05,536.15,333,404.95,404.95,1184,10218.59,39200,-350,21-FEB-2022,
OPTIDX,NIFTY,24-Feb-2022,16900,CE,384.55,494.95,293.85,363.35,363.35,23183,200190.96,303900,6250,21-FEB-2022,
OPTIDX,NIFTY,24-Feb-2022,16950,CE,344.85,448.75,259.5,324.05,324.05,9672,83492.98,102100,-850,21-FEB-2022,
OPTIDX,NIFTY,24-Feb-2022,17000,CE,302.3,408,227.4,286,286,278731,2410556.6,1248300,139100,21-FEB-2022,
OPTIDX,NIFTY,24-Feb-2022,17050,CE,270.1,368.5,197.4,249.2,249.2,51037,441366.74,62200,33450,21-FEB-2022,
OPTIDX,NIFTY,24-Feb-2022,17100,CE,250,327.15,170,214.05,214.05,551786,4778332.98,769400,294300,21-FEB-2022,
OPTIDX,NIFTY,24-Feb-2022,17150,CE,223.75,290,144.9,182.8,182.8,333477,2890579.02,195600,134450,21-FEB-2022,
OPTIDX,NIFTY,24-Feb-2022,17200,CE,175.05,253.5,122.1,153.85,153.85,1245717,10818953.81,2091550,975200,21-FEB-2022,
OPTIDX,NIFTY,24-Feb-2022,17250,CE,162.95,219,101.75,128.25,128.25,536766,4669637.14,678300,358000,21-FEB-2022,
OPTIDX,NIFTY,24-Feb-2022,17300,CE,130,187,83.85,104.6,104.6,1726998,15049371.45,3691700,568900,21-FEB-2022,
OPTIDX,NIFTY,24-Feb-2022,17350,CE,133.65,157.9,68,84.15,84.15,549335,4795492,1079300,318250,21-FEB-2022,
OPTIDX,NIFTY,24-Feb-2022,17400,CE,120,131.4,53.8,66.15,66.15,1368189,11961505.26,3296900,429750,21-FEB-2022,
OPTIDX,NIFTY,24-Feb-2022,17450,CE,105,107.3,41.55,50.65,50.65,484700,4245275.22,1058250,617200,21-FEB-2022,
OPTIDX,NIFTY,24-Feb-2022,17500,CE,77.9,86.25,32.2,38.75,38.75,1616624,14187763.84,4878150,69000,21-FEB-2022,
OPTIDX,NIFTY,24-Feb-2022,17550,CE,50,67.9,24.4,28.4,28.4,409705,3603368.04,821250,306150,21-FEB-2022,
OPTIDX,NIFTY,24-Feb-2022,17600,CE,44.9,52.2,18.2,20.4,20.4,1137882,10030806.36,4109250,994650,21-FEB-2022,
OPTIDX,NIFTY,24-Feb-2022,17650,CE,35,39.95,12.55,14.1,14.1,322265,2847652.72,1345200,740550,21-FEB-2022,
OPTIDX,NIFTY,24-Feb-2022,17700,CE,27,30.35,8.65,10.1,10.1,872259,7726887.87,3871700,607150,21-FEB-2022,
OPTIDX,NIFTY,24-Feb-2022,17750,CE,22,23.65,5.2,6.8,6.8,331167,2941049.15,1895400,1070250,21-FEB-2022,
OPTIDX,NIFTY,24-Feb-2022,17800,CE,16.6,16.7,4.3,5.15,5.15,903003,8040693.57,3942150,68950,21-FEB-2022,
OPTIDX,NIFTY,24-Feb-2022,17850,CE,13.65,13.65,3.2,3.75,3.75,242103,2161562.86,988450,449150,21-FEB-2022,
OPTIDX,NIFTY,24-Feb-2022,17900,CE,9,9.1,2.7,3.15,3.15,601599,5385794.95,2690600,111450,21-FEB-2022,
OPTIDX,NIFTY,24-Feb-2022,17950,CE,6.3,6.9,2.05,2.55,2.55,179025,1607110.91,890850,264400,21-FEB-2022,
OPTIDX,NIFTY,24-Feb-2022,18000,CE,4.9,6,2.2,2.45,2.45,970980,8740481.64,8982800,1829300,21-FEB-2022,
OPTIDX,NIFTY,24-Feb-2022,18050,CE,3.85,4.25,2,2.15,2.15,169924,1533818.04,893300,131750,21-FEB-2022,
OPTIDX,NIFTY,24-Feb-2022,18100,CE,3.2,3.5,1.8,1.9,1.9,299895,2714409.2,2297250,151850,21-FEB-2022,
OPTIDX,NIFTY,24-Feb-2022,18150,CE,2.6,3,1.55,1.7,1.7,72495,657965.35,440000,-282050,21-FEB-2022,
OPTIDX,NIFTY,24-Feb-2022,18200,CE,2.35,2.45,1.05,1.6,1.6,288665,2627115.31,2330200,-454450,21-FEB-2022,
OPTIDX,NIFTY,24-Feb-2022,18250,CE,2.3,2.3,1.4,1.6,1.6,35028,319660.59,394800,-220400,21-FEB-2022,
OPTIDX,NIFTY,24-Feb-2022,18300,CE,1.95,1.95,1.3,1.45,1.45,173655,1589079.62,2028900,191500,21-FEB-2022,
OPTIDX,NIFTY,24-Feb-2022,18350,CE,2.3,2.3,1.35,1.45,1.45,23659,217089.99,859250,-28550,21-FEB-2022,
OPTIDX,NIFTY,24-Feb-2022,18400,CE,1.6,3.05,1.1,1.3,1.3,120195,1105878.22,1296550,166600,21-FEB-2022,
OPTIDX,NIFTY,24-Feb-2022,18450,CE,1.6,1.6,1.15,1.35,1.35,3125,28830.26,99250,-27150,21-FEB-2022,
OPTIDX,NIFTY,24-Feb-2022,18500,CE,1.4,1.65,1.05,1.3,1.3,181778,1681564.68,4085200,69950,21-FEB-2022,
OPTIDX,NIFTY,24-Feb-2022,18550,CE,1.3,1.5,1.05,1.25,1.25,3572,33132.5,100550,-22100,21-FEB-2022,
OPTIDX,NIFTY,24-Feb-2022,18600,CE,1.2,1.4,0.9,1.05,1.05,61580,572728.47,863950,-278550,21-FEB-2022,
OPTIDX,NIFTY,24-Feb-2022,18650,CE,1.4,1.4,0.9,1.15,1.15,3009,28060.6,36600,-6500,21-FEB-2022,
OPTIDX,NIFTY,24-Feb-2022,18700,CE,1,1.3,0.8,1,1,34412,321769.85,824050,-2150,21-FEB-2022,
OPTIDX,NIFTY,24-Feb-2022,18750,CE,0.7,1.3,0.7,1.1,1.1,1598,14982.11,44900,11950,21-FEB-2022,
OPTIDX,NIFTY,24-Feb-2022,18800,CE,1,1.2,0.8,1,1,19898,187051.23,432050,6950,21-FEB-2022,
OPTIDX,NIFTY,24-Feb-2022,18850,CE,1.05,1.2,0.85,1.1,1.1,4843,45647.64,76450,-1250,21-FEB-2022,
OPTIDX,NIFTY,24-Feb-2022,18900,CE,1,1.6,0.8,1,1,11952,112952.1,312300,76200,21-FEB-2022,
OPTIDX,NIFTY,24-Feb-2022,18950,CE,0.95,1.05,0.75,1,1,2626,24882.48,12950,-3850,21-FEB-2022,
OPTIDX,NIFTY,24-Feb-2022,19000,CE,0.9,1.15,0.7,0.9,0.9,63697,605150.55,1971650,-469700,21-FEB-2022,
OPTIDX,NIFTY,24-Feb-2022,19050,CE,1.25,1.35,0.75,1,1,1915,18241.22,13250,-2800,21-FEB-2022,
OPTIDX,NIFTY,24-Feb-2022,19100,CE,1.5,1.5,0.7,0.95,0.95,11192,106888.56,209150,26200,21-FEB-2022,
OPTIDX,NIFTY,24-Feb-2022,19150,CE,0.85,0.95,0.65,0.85,0.85,2141,20500.95,22650,-11950,21-FEB-2022,
OPTIDX,NIFTY,24-Feb-2022,19200,CE,1.2,1.2,0.7,1,1,9948,95505.26,205200,47300,21-FEB-2022,
OPTIDX,NIFTY,24-Feb-2022,19250,CE,0.95,1.05,0.7,1,1,6876,66184.36,10350,-1700,21-FEB-2022,
OPTIDX,NIFTY,24-Feb-2022,19300,CE,1.05,1.1,0.6,0.95,0.95,20161,194562.22,182550,49450,21-FEB-2022,
OPTIDX,NIFTY,24-Feb-2022,19350,CE,0.9,1,0.65,0.95,0.95,7255,70195.14,9300,-1100,21-FEB-2022,
OPTIDX,NIFTY,24-Feb-2022,19400,CE,0.75,1,0.7,0.95,0.95,9005,87352.32,231800,13650,21-FEB-2022,
OPTIDX,NIFTY,24-Feb-2022,19450,CE,0.95,1,0.65,0.85,0.85,15791,153573.71,17900,-11000,21-FEB-2022,
OPTIDX,NIFTY,24-Feb-2022,19500,CE,0.85,0.95,0.6,0.75,0.75,39052,380771.59,1692150,161800,21-FEB-2022,
OPTIDX,NIFTY,24-Feb-2022,19550,CE,0.85,0.95,0.7,0.85,0.85,6950,67939.05,17800,-16750,21-FEB-2022,
OPTIDX,NIFTY,24-Feb-2022,19600,CE,0.85,1,0.6,0.85,0.85,11244,110195.85,222150,31050,21-FEB-2022,
OPTIDX,NIFTY,24-Feb-2022,19650,CE,1,1,0.65,0.85,0.85,1924,18904.07,19750,-3250,21-FEB-2022,
OPTIDX,NIFTY,24-Feb-2022,19700,CE,0.8,0.95,0.6,0.75,0.75,8540,84122.19,362000,9100,21-FEB-2022,
OPTIDX,NIFTY,24-Feb-2022,19750,CE,0.95,1,0.65,0.85,0.85,5329,52625.93,40500,-2050,21-FEB-2022,
OPTIDX,NIFTY,24-Feb-2022,19800,CE,0.8,0.95,0.55,0.65,0.65,34831,344839.97,2256350,101000,21-FEB-2022,
OPTIDX,NIFTY,24-Feb-2022,15100,PE,2.8,2.8,1.2,1.35,1.35,111558,842360.49,3812100,-348400,21-FEB-2022,
OPTIDX,NIFTY,24-Feb-2022,15150,PE,2.5,3.1,1.2,1.4,1.4,7433,56311.41,46200,4650,21-FEB-2022,
OPTIDX,NIFTY,24-Feb-2022,15200,PE,2.9,3,1.25,1.45,1.45,41668,316717.11,774100,-3950,21-FEB-2022,
OPTIDX,NIFTY,24-Feb-2022,15250,PE,4,4,1.05,1.3,1.3,7303,55691.91,46500,25050,21-FEB-2022,
OPTIDX,NIFTY,24-Feb-2022,15300,PE,3.25,4.75,1.4,1.6,1.6,75402,576901.75,795150,20450,21-FEB-2022,
OPTIDX,NIFTY,24-Feb-2022,15350,PE,4,4,1.3,1.55,1.55,6933,53217.76,53900,9250,21-FEB-2022,
OPTIDX,NIFTY,24-Feb-2022,15400,PE,3.55,4.5,1.4,1.6,1.6,48563,373989.2,502600,101150,21-FEB-2022,
OPTIDX,NIFTY,24-Feb-2022,15450,PE,4.35,4.45,1.25,1.5,1.5,7085,54739.68,133800,-350,21-FEB-2022,
OPTIDX,NIFTY,24-Feb-2022,15500,PE,4.7,4.95,1.55,1.7,1.7,165449,1282440.99,2058850,-330000,21-FEB-2022,
OPTIDX,NIFTY,24-Feb-2022,15550,PE,5.05,5.2,1.45,1.8,1.8,5435,42264.64,29300,-11900,21-FEB-2022,
OPTIDX,NIFTY,24-Feb-2022,15600,PE,8.8,8.8,1.7,1.95,1.95,97122,757692.37,577350,-113250,21-FEB-2022,
OPTIDX,NIFTY,24-Feb-2022,15650,PE,5.7,6.15,1.8,2.1,2.1,9860,77170.74,58500,17600,21-FEB-2022,
OPTIDX,NIFTY,24-Feb-2022,15700,PE,5.45,8.85,2,2.3,2.3,98370,772372.19,1007200,-400,21-FEB-2022,
OPTIDX,NIFTY,24-Feb-2022,15750,PE,7.25,7.8,2.3,2.55,2.55,17150,135089.1,96150,30950,21-FEB-2022,
OPTIDX,NIFTY,24-Feb-2022,15800,PE,8.4,8.4,2.65,2.85,2.85,167726,1325369.58,1721350,440150,21-FEB-2022,
OPTIDX,NIFTY,24-Feb-2022,15850,PE,8,8.75,2.95,3.25,3.25,17264,136855.65,109200,24800,21-FEB-2022,
OPTIDX,NIFTY,24-Feb-2022,15900,PE,12.45,12.55,3.4,3.7,3.7,143138,1138295.93,1213200,499650,21-FEB-2022,
OPTIDX,NIFTY,24-Feb-2022,15950,PE,9.5,11.5,3.7,4.15,4.15,25652,204644.06,182700,52250,21-FEB-2022,
OPTIDX,NIFTY,24-Feb-2022,16000,PE,12.9,13.75,4.2,4.85,4.85,420224,3363117.88,4611400,418800,21-FEB-2022,
OPTIDX,NIFTY,24-Feb-2022,16050,PE,13,15,4.7,5.5,5.5,32816,263464.14,131200,35350,21-FEB-2022,
OPTIDX,NIFTY,24-Feb-2022,16100,PE,12.3,17.6,5.45,6.4,6.4,257991,2077783.28,3504450,2882650,21-FEB-2022,
OPTIDX,NIFTY,24-Feb-2022,16150,PE,18,18,5.9,7.05,7.05,39313,317624.93,145150,23350,21-FEB-2022,
OPTIDX,NIFTY,24-Feb-2022,16200,PE,15,20.7,6.45,7.95,7.95,276514,2241126.04,2241000,724750,21-FEB-2022,
OPTIDX,NIFTY,24-Feb-2022,16250,PE,22,23.15,7.25,9.1,9.1,53417,434314.59,170500,41200,21-FEB-2022,
OPTIDX,NIFTY,24-Feb-2022,16300,PE,18,26.6,8.05,10.4,10.4,269749,2200165.91,1940300,529000,21-FEB-2022,
OPTIDX,NIFTY,24-Feb-2022,16350,PE,29.85,29.85,8.9,11.55,11.55,61417,502530.51,266800,126650,21-FEB-2022,
OPTIDX,NIFTY,24-Feb-2022,16400,PE,29.95,33,9.9,13.4,13.4,294454,2416974.02,1937500,227000,21-FEB-2022,
OPTIDX,NIFTY,24-Feb-2022,16450,PE,32.8,34.95,11.2,15.45,15.45,75133,618661.94,189250,16750,21-FEB-2022,
OPTIDX,NIFTY,24-Feb-2022,16500,PE,34.9,42,12.7,17.75,17.75,582435,4811540.34,4106900,51150,21-FEB-2022,
OPTIDX,NIFTY,24-Feb-2022,16550,PE,42.8,42.8,14.4,20.55,20.55,78730,652456.25,155050,50500,21-FEB-2022,
OPTIDX,NIFTY,24-Feb-2022,16600,PE,50.1,50.45,16.25,23.2,23.2,340690,2832612.31,1260200,110200,21-FEB-2022,
OPTIDX,NIFTY,24-Feb-2022,16650,PE,87.95,88,18.7,26.65,26.65,101998,850850.08,251650,64250,21-FEB-2022,
OPTIDX,NIFTY,24-Feb-2022,16700,PE,63.1,71.35,21.65,31.05,31.05,452578,3787792.02,1803700,82900,21-FEB-2022,
OPTIDX,NIFTY,24-Feb-2022,16750,PE,66.4,73.65,24.9,36.25,36.25,124171,1042632.18,271950,107350,21-FEB-2022,
OPTIDX,NIFTY,24-Feb-2022,16800,PE,70,84.6,29.1,41.9,41.9,858005,7229003.02,3736000,252350,21-FEB-2022,
OPTIDX,NIFTY,24-Feb-2022,16850,PE,107.6,107.6,33.9,49.4,49.4,191547,1619266.89,387300,105850,21-FEB-2022,
OPTIDX,NIFTY,24-Feb-2022,16900,PE,81.5,111.05,39.3,57.35,57.35,758343,6433666.57,2468450,229750,21-FEB-2022,
OPTIDX,NIFTY,24-Feb-2022,16950,PE,113.35,127.2,45.75,67.75,67.75,258807,2203507.4,502200,208650,21-FEB-2022,
OPTIDX,NIFTY,24-Feb-2022,17000,PE,119.8,144.95,53.1,78.55,78.55,1709316,14605538.57,6306150,508100,21-FEB-2022,
OPTIDX,NIFTY,24-Feb-2022,17050,PE,106,165.2,62,92.5,92.5,315588,2707049.41,444500,182500,21-FEB-2022,
OPTIDX,NIFTY,24-Feb-2022,17100,PE,147.95,187.7,72.1,108.2,108.2,1312034,11298352.37,2492100,634900,21-FEB-2022,
OPTIDX,NIFTY,24-Feb-2022,17150,PE,248,248,84.1,126.75,126.75,585625,5063354.71,613050,309800,21-FEB-2022,
OPTIDX,NIFTY,24-Feb-2022,17200,PE,200,239.5,97.75,147.35,147.35,1536331,13329024.79,3227700,472400,21-FEB-2022,
OPTIDX,NIFTY,24-Feb-2022,17250,PE,199,269,113.25,170.95,170.95,495628,4315081.1,542700,-229750,21-FEB-2022,
OPTIDX,NIFTY,24-Feb-2022,17300,PE,210,301.5,131.15,197.75,197.75,1118357,9776463.13,2556700,-853350,21-FEB-2022,
OPTIDX,NIFTY,24-Feb-2022,17350,PE,259.35,335.5,152.2,227.5,227.5,151496,1329464.67,266000,-58200,21-FEB-2022,
OPTIDX,NIFTY,24-Feb-2022,17400,PE,281.45,372.25,175.65,259.25,259.25,288077,2541524.08,1162550,-483850,21-FEB-2022,
OPTIDX,NIFTY,24-Feb-2022,17450,PE,325.5,409.7,202.85,292.85,292.85,18159,160850.27,82800,-18250,21-FEB-2022,
OPTIDX,NIFTY,24-Feb-2022,17500,PE,359.55,450.95,231.35,330.75,330.75,160199,1427049.55,1214600,-502350,21-FEB-2022,
OPTIDX,NIFTY,24-Feb-2022,17550,PE,389.5,488.65,265,367.9,367.9,3846,34386.84,41100,2850,21-FEB-2022,
OPTIDX,NIFTY,24-Feb-2022,17600,PE,420.5,536.8,297.35,419.8,419.8,31332,281822.05,580250,-48950,21-FEB-2022,
OPTIDX,NIFTY,24-Feb-2022,17650,PE,468.75,573.95,336.55,457.2,457.2,480,4339.45,35500,-900,21-FEB-2022,
OPTIDX,NIFTY,24-Feb-2022,17700,PE,499.8,625,374.05,503.75,503.75,6963,63307.87,254450,-14300,21-FEB-2022,
OPTIDX,NIFTY,24-Feb-2022,17750,PE,556.1,665,418.2,548.6,548.6,242,2215.29,43450,-850,21-FEB-2022,
OPTIDX,NIFTY,24-Feb-2022,17800,PE,593.05,722,463.4,603.2,603.2,4694,43102.42,238000,-35650,21-FEB-2022,
OPTIDX,NIFTY,24-Feb-2022,17850,PE,729.55,729.55,526.9,653.1,653.1,61,563.75,22050,-100,21-FEB-2022,
OPTIDX,NIFTY,24-Feb-2022,17900,PE,705.15,812,555,695.4,695.4,636,5907.31,224900,-2700,21-FEB-2022,
OPTIDX,NIFTY,24-Feb-2022,17950,PE,722.5,849.45,603,753.85,753.85,38,355.12,9850,-350,21-FEB-2022,
OPTIDX,NIFTY,24-Feb-2022,18000,PE,804.8,916,650.05,796.2,796.2,6109,57350.27,1328250,-23550,21-FEB-2022,
OPTIDX,NIFTY,24-Feb-2022,18050,PE,850.35,965.45,747.85,775,838.4,52,489.53,5450,250,21-FEB-2022,
OPTIDX,NIFTY,24-Feb-2022,18100,PE,869.45,1003.4,771,896.95,896.95,152,1442.8,97150,-1650,21-FEB-2022,
OPTIDX,NIFTY,24-Feb-2022,18150,PE,1016.95,1034.4,857,948.45,948.45,49,467.01,5450,-350,21-FEB-2022,
OPTIDX,NIFTY,24-Feb-2022,18200,PE,983.4,1105.55,850,988.8,988.8,161,1544.84,145700,-3700,21-FEB-2022,
OPTIDX,NIFTY,24-Feb-2022,18250,PE,1129.2,1129.2,919.05,1038.6,1037.45,5,48.26,6250,-50,21-FEB-2022,
OPTIDX,NIFTY,24-Feb-2022,18300,PE,1107,1209.1,952,1095.1,1095.1,400,3887.02,106450,-8250,21-FEB-2022,
OPTIDX,NIFTY,24-Feb-2022,18350,PE,1027.85,1114.25,1027.85,1114.25,1137.35,4,38.86,4050,-200,21-FEB-2022,
OPTIDX,NIFTY,24-Feb-2022,18400,PE,1216.05,1300,1074.85,1197.8,1197.8,26,254.27,40950,-250,21-FEB-2022,
OPTIDX,NIFTY,24-Feb-2022,18450,PE,0,0,0,1170.55,1237.25,0,0,1250,0,21-FEB-2022,
OPTIDX,NIFTY,24-Feb-2022,18500,PE,1301,1400,1151.45,1298.5,1298.5,718,7096.16,250500,-12500,21-FEB-2022,
OPTIDX,NIFTY,24-Feb-2022,18550,PE,1260,1323.05,1260,1296.9,1296.9,3,29.76,1450,50,21-FEB-2022,
OPTIDX,NIFTY,24-Feb-2022,18600,PE,1490,1494.05,1296.05,1399.9,1399.9,33,330.14,18600,-650,21-FEB-2022,
OPTIDX,NIFTY,24-Feb-2022,18650,PE,0,0,0,1317.15,1437.15,0,0,1250,0,21-FEB-2022,
OPTIDX,NIFTY,24-Feb-2022,18700,PE,1364.45,1519.15,1364.45,1519.15,1487.15,6,60.43,7600,-250,21-FEB-2022,
OPTIDX,NIFTY,24-Feb-2022,18750,PE,1542.8,1542.8,1542.8,1542.8,1537.15,1,10.14,1500,50,21-FEB-2022,
OPTIDX,NIFTY,24-Feb-2022,18800,PE,1650,1650,1529.95,1598.4,1598.4,5,50.96,10100,-100,21-FEB-2022,
OPTIDX,NIFTY,24-Feb-2022,18850,PE,0,0,0,1537.85,1637.1,0,0,1350,0,21-FEB-2022,
OPTIDX,NIFTY,24-Feb-2022,18900,PE,1598.15,1724.6,1598.15,1717.25,1687.1,24,246.48,5600,-100,21-FEB-2022,
OPTIDX,NIFTY,24-Feb-2022,18950,PE,0,0,0,1605.5,1737.05,0,0,250,0,21-FEB-2022,
OPTIDX,NIFTY,24-Feb-2022,19000,PE,1804.3,1919.35,1660,1795.95,1795.95,506,5261.96,305350,-4950,21-FEB-2022,
OPTIDX,NIFTY,24-Feb-2022,19050,PE,0,0,0,1702.25,1837.05,0,0,250,0,21-FEB-2022,
OPTIDX,NIFTY,24-Feb-2022,19100,PE,1973.2,1989,1890,1890,1887,4,42.11,2600,-50,21-FEB-2022,
OPTIDX,NIFTY,24-Feb-2022,19150,PE,0,0,0,1830.5,1937,0,0,50,0,21-FEB-2022,
OPTIDX,NIFTY,24-Feb-2022,19200,PE,0,0,0,1883.95,1987,0,0,2350,0,21-FEB-2022,
OPTIDX,NIFTY,24-Feb-2022,19250,PE,0,0,0,1491.05,2036.95,0,0,0,0,21-FEB-2022,
OPTIDX,NIFTY,24-Feb-2022,19300,PE,2158.05,2158.05,2157.45,2157.45,2086.95,3,32.18,3300,-100,21-FEB-2022,
OPTIDX,NIFTY,24-Feb-2022,19350,PE,2234.85,2234.85,2234.85,2234.85,2136.95,1,10.79,100,50,21-FEB-2022,
OPTIDX,NIFTY,24-Feb-2022,19400,PE,0,0,0,2162,2186.9,0,0,2800,0,21-FEB-2022,
OPTIDX,NIFTY,24-Feb-2022,19450,PE,0,0,0,2170.85,2236.9,0,0,50,0,21-FEB-2022,
OPTIDX,NIFTY,24-Feb-2022,19500,PE,2354.7,2405.9,2133.95,2296,2296,1024,11141.8,258400,-29500,21-FEB-2022,
OPTIDX,NIFTY,24-Feb-2022,19550,PE,2509.3,2509.3,2338.1,2338.1,2338.1,5,54.92,200,-50,21-FEB-2022,
OPTIDX,NIFTY,24-Feb-2022,19600,PE,2340,2376.25,2305.3,2376.25,2386.85,6,65.8,2500,-150,21-FEB-2022,
OPTIDX,NIFTY,24-Feb-2022,19650,PE,2530,2530,2458.7,2458.7,2436.85,2,22.14,300,0,21-FEB-2022,
OPTIDX,NIFTY,24-Feb-2022,19700,PE,2403.15,2475,2403.15,2475,2475,3,33.22,2250,0,21-FEB-2022,
OPTIDX,NIFTY,24-Feb-2022,19750,PE,0,0,0,1514.7,2536.8,0,0,0,0,21-FEB-2022,
OPTIDX,NIFTY,24-Feb-2022,19800,PE,2625,2625,2503.05,2608.5,2586.8,17,190.09,6000,-750,21-FEB-2022,
OPTIDX,NIFTY,03-Mar-2022,15350,CE,0,0,0,1963.45,1873.8,0,0,50,0,21-FEB-2022,
OPTIDX,NIFTY,03-Mar-2022,15400,CE,1923.15,1923.15,1923.15,1923.15,1823.95,1,8.66,50,0,21-FEB-2022,
OPTIDX,NIFTY,03-Mar-2022,15450,CE,0,0,0,1430.55,1774.05,0,0,0,0,21-FEB-2022,
OPTIDX,NIFTY,03-Mar-2022,15500,CE,1717,1836.5,1656,1736,1736,14,120.64,550,-300,21-FEB-2022,
OPTIDX,NIFTY,03-Mar-2022,15550,CE,0,0,0,1775.8,1674.35,0,0,50,0,21-FEB-2022,
OPTIDX,NIFTY,03-Mar-2022,15600,CE,0,0,0,1396.7,1624.6,0,0,50,0,21-FEB-2022,
OPTIDX,NIFTY,03-Mar-2022,15650,CE,0,0,0,1681.3,1574.85,0,0,0,0,21-FEB-2022,
OPTIDX,NIFTY,03-Mar-2022,15700,CE,0,0,0,1621.4,1525.15,0,0,50,0,21-FEB-2022,
OPTIDX,NIFTY,03-Mar-2022,15750,CE,0,0,0,1600.4,1475.55,0,0,0,0,21-FEB-2022,
OPTIDX,NIFTY,03-Mar-2022,15800,CE,0,0,0,1425.8,1426.05,0,0,50,0,21-FEB-2022,
OPTIDX,NIFTY,03-Mar-2022,15850,CE,1422.05,1422.05,1422.05,1422.05,1376.6,2,17.27,1700,-50,21-FEB-2022,
OPTIDX,NIFTY,03-Mar-2022,15900,CE,0,0,0,1451.45,1327.35,0,0,50,0,21-FEB-2022,
OPTIDX,NIFTY,03-Mar-2022,15950,CE,0,0,0,1391.8,1278.25,0,0,50,0,21-FEB-2022,
OPTIDX,NIFTY,03-Mar-2022,16000,CE,1184.45,1371,1152,1236.95,1229.3,41,353.78,5600,-200,21-FEB-2022,
OPTIDX,NIFTY,03-Mar-2022,16050,CE,1204.85,1204.85,1143.55,1152.45,1180.65,5,43.06,150,100,21-FEB-2022,
OPTIDX,NIFTY,03-Mar-2022,16100,CE,1173.7,1255.4,1118.6,1245.6,1132.2,9,77.85,700,50,21-FEB-2022,
OPTIDX,NIFTY,03-Mar-2022,16150,CE,1119.95,1119.95,1052.25,1085.95,1084.15,5,43.09,150,100,21-FEB-2022,
OPTIDX,NIFTY,03-Mar-2022,16200,CE,1073.75,1200,990,1050,1036.4,15,129.42,650,400,21-FEB-2022,
OPTIDX,NIFTY,03-Mar-2022,16250,CE,1028.5,1028.5,941.75,941.75,989.1,6,51.7,100,100,21-FEB-2022,
OPTIDX,NIFTY,03-Mar-2022,16300,CE,994.65,1058.65,915,967.1,967.1,25,216.32,750,500,21-FEB-2022,
OPTIDX,NIFTY,03-Mar-2022,16350,CE,945.05,945.05,945.05,945.05,896,1,8.64,50,0,21-FEB-2022,
OPTIDX,NIFTY,03-Mar-2022,16400,CE,895.1,971.7,826.8,971.7,850.4,8,69.19,600,100,21-FEB-2022,
OPTIDX,NIFTY,03-Mar-2022,16450,CE,855.85,932.8,774.8,932.8,805.4,5,43.24,550,-50,21-FEB-2022,
OPTIDX,NIFTY,03-Mar-2022,16500,CE,810,900,720,791.85,791.85,495,4277.52,9400,7200,21-FEB-2022,
OPTIDX,NIFTY,03-Mar-2022,16550,CE,0,0,0,862.2,717.85,0,0,11550,0,21-FEB-2022,
OPTIDX,NIFTY,03-Mar-2022,16600,CE,665,822.95,630,698.15,698.15,54,467.13,6050,1150,21-FEB-2022,
OPTIDX,NIFTY,03-Mar-2022,16650,CE,687,759.3,600,695,634,23,199.17,2450,450,21-FEB-2022,
OPTIDX,NIFTY,03-Mar-2022,16700,CE,647.05,739,565,629.15,629.15,124,1076.01,4050,300,21-FEB-2022,
OPTIDX,NIFTY,03-Mar-2022,16750,CE,620,680,519.05,591,591,22,190.8,1100,300,21-FEB-2022,
OPTIDX,NIFTY,03-Mar-2022,16800,CE,586.95,663,480,545.5,545.5,500,4341.61,10100,4200,21-FEB-2022,
OPTIDX,NIFTY,03-Mar-2022,16850,CE,517.05,610.05,466,510,510,35,303.65,4700,400,21-FEB-2022,
OPTIDX,NIFTY,03-Mar-2022,16900,CE,502,580.9,414.75,469.4,469.4,903,7842.9,11350,2900,21-FEB-2022,
OPTIDX,NIFTY,03-Mar-2022,16950,CE,450.55,514.15,380,435.45,435.45,120,1042.03,6350,1850,21-FEB-2022,
OPTIDX,NIFTY,03-Mar-2022,17000,CE,419.95,505,347.05,395.1,395.1,12030,104745.16,114550,56500,21-FEB-2022,
OPTIDX,NIFTY,03-Mar-2022,17050,CE,386.95,465,317,362.2,362.2,703,6120.52,8200,-1400,21-FEB-2022,
OPTIDX,NIFTY,03-Mar-2022,17100,CE,351.4,432.3,288.15,330.25,330.25,18555,161690.29,60900,29050,21-FEB-2022,
OPTIDX,NIFTY,03-Mar-2022,17150,CE,312.55,396.75,262.1,299.1,299.1,5704,49758.05,18800,13600,21-FEB-2022,
OPTIDX,NIFTY,03-Mar-2022,17200,CE,300,363,235.1,270.65,270.65,50064,437590.01,302700,215500,21-FEB-2022,
OPTIDX,NIFTY,03-Mar-2022,17250,CE,260.05,328.05,210.85,243.15,243.15,9924,86874.99,45000,25400,21-FEB-2022,
OPTIDX,NIFTY,03-Mar-2022,17300,CE,271.4,298.4,186.8,215.55,215.55,58810,515703.39,391350,158450,21-FEB-2022,
OPTIDX,NIFTY,03-Mar-2022,17350,CE,200.6,267.4,165,190.7,190.7,17876,157031.88,62000,21350,21-FEB-2022,
OPTIDX,NIFTY,03-Mar-2022,17400,CE,180,237,144.7,167.7,167.7,45292,398237.22,329600,92150,21-FEB-2022,
OPTIDX,NIFTY,03-Mar-2022,17450,CE,160.05,210,105,142.8,142.8,9428,82984.1,54300,-52350,21-FEB-2022,
OPTIDX,NIFTY,03-Mar-2022,17500,CE,170,185,108.25,125.55,125.55,62215,548726.92,482750,199350,21-FEB-2022,
OPTIDX,NIFTY,03-Mar-2022,17550,CE,148.6,161.1,93.45,106.85,106.85,4724,41738.63,36700,10250,21-FEB-2022,
OPTIDX,NIFTY,03-Mar-2022,17600,CE,100.65,140.7,79.4,90.9,90.9,38219,338290.98,302300,13250,21-FEB-2022,
OPTIDX,NIFTY,03-Mar-2022,17650,CE,93.55,121.9,67.75,76.25,76.25,5456,48394.1,42100,15000,21-FEB-2022,
OPTIDX,NIFTY,03-Mar-2022,17700,CE,99.8,103.8,56.95,64.9,64.9,33568,298311.98,242150,18050,21-FEB-2022,
OPTIDX,NIFTY,03-Mar-2022,17750,CE,67.4,88.1,48.5,54.15,54.15,4301,38307.9,33250,13800,21-FEB-2022,
OPTIDX,NIFTY,03-Mar-2022,17800,CE,62,73.95,40.55,44.9,44.9,33400,298156.53,291750,100600,21-FEB-2022,
OPTIDX,NIFTY,03-Mar-2022,17850,CE,50.45,62,33.55,36.7,36.7,3477,31110.44,38050,-2350,21-FEB-2022,
OPTIDX,NIFTY,03-Mar-2022,17900,CE,42.2,51.5,27.5,29.7,29.7,29836,267587.02,280950,107750,21-FEB-2022,
OPTIDX,NIFTY,03-Mar-2022,17950,CE,44.15,44.15,22.55,24.05,24.05,7771,69866.94,52950,16100,21-FEB-2022,
OPTIDX,NIFTY,03-Mar-2022,18000,CE,29.55,35.3,18.65,19.95,19.95,49471,445855.63,625650,90500,21-FEB-2022,
OPTIDX,NIFTY,03-Mar-2022,18050,CE,24.75,28.65,14.9,16,16,3385,30582.97,42200,-6750,21-FEB-2022,
OPTIDX,NIFTY,03-Mar-2022,18100,CE,23,23.5,11.65,12.95,12.95,14653,132727.96,367100,79500,21-FEB-2022,
OPTIDX,NIFTY,03-Mar-2022,18150,CE,15.95,19.25,10.1,10.9,10.9,2847,25856.26,28100,-4950,21-FEB-2022,
OPTIDX,NIFTY,03-Mar-2022,18200,CE,17,17,8.1,9.05,9.05,15882,144617.31,326200,80200,21-FEB-2022,
OPTIDX,NIFTY,03-Mar-2022,18250,CE,11,13.5,7.6,8.1,8.1,4454,40664.33,105650,96400,21-FEB-2022,
OPTIDX,NIFTY,03-Mar-2022,18300,CE,17.9,17.9,6.35,6.7,6.7,9269,84849.55,123750,19150,21-FEB-2022,
OPTIDX,NIFTY,03-Mar-2022,18350,CE,20.35,20.35,5.55,5.8,5.8,1865,17117.82,17750,5450,21-FEB-2022,
OPTIDX,NIFTY,03-Mar-2022,18400,CE,6.45,8.75,4.75,5,5,8671,79798.48,88050,29850,21-FEB-2022,
OPTIDX,NIFTY,03-Mar-2022,18450,CE,5.9,6.55,4.25,4.45,4.45,1289,11894.46,13400,3300,21-FEB-2022,
OPTIDX,NIFTY,03-Mar-2022,18500,CE,5.6,5.6,3.55,3.95,3.95,10269,95011.29,233150,79350,21-FEB-2022,
OPTIDX,NIFTY,03-Mar-2022,18550,CE,4.6,4.85,3.55,3.75,3.75,174,1614.21,3300,950,21-FEB-2022,
OPTIDX,NIFTY,03-Mar-2022,18600,CE,4.2,4.2,2.7,3.2,3.2,2551,23728.43,75300,-34550,21-FEB-2022,
OPTIDX,NIFTY,03-Mar-2022,18650,CE,3.95,4.05,2.15,3.4,3.4,54,503.64,6300,1250,21-FEB-2022,
OPTIDX,NIFTY,03-Mar-2022,18700,CE,5.4,6.8,2.5,2.85,2.85,1748,16346.31,29750,-21500,21-FEB-2022,
OPTIDX,NIFTY,03-Mar-2022,18750,CE,2.85,3.3,2.55,3,3,60,562.59,1750,350,21-FEB-2022,
OPTIDX,NIFTY,03-Mar-2022,18800,CE,3.2,3.2,2.3,2.6,2.6,1089,10238.05,40450,-21100,21-FEB-2022,
OPTIDX,NIFTY,03-Mar-2022,18850,CE,3,3.1,2.1,2.6,1.5,26,245.08,550,500,21-FEB-2022,
OPTIDX,NIFTY,03-Mar-2022,18900,CE,3.1,3.45,2.4,2.6,2.6,357,3374.12,20500,4250,21-FEB-2022,
OPTIDX,NIFTY,03-Mar-2022,18950,CE,1.75,3.2,1.75,2.6,2.6,9,85.28,500,50,21-FEB-2022,
OPTIDX,NIFTY,03-Mar-2022,19000,CE,3,3.5,2.2,2.4,2.4,3590,34109.37,311750,10550,21-FEB-2022,
OPTIDX,NIFTY,03-Mar-2022,19050,CE,3.15,5.65,2,2.5,0.6,47,447.73,1750,-1100,21-FEB-2022,
OPTIDX,NIFTY,03-Mar-2022,19100,CE,2.85,2.85,1.45,2.3,2.3,276,2636.12,4300,500,21-FEB-2022,
OPTIDX,NIFTY,03-Mar-2022,19150,CE,0,0,0,170.4,0.4,0,0,0,0,21-FEB-2022,
OPTIDX,NIFTY,03-Mar-2022,19200,CE,2.05,2.4,1.8,2.25,2.25,40,384.04,6550,50,21-FEB-2022,
OPTIDX,NIFTY,03-Mar-2022,19250,CE,0,0,0,186.6,0.25,0,0,0,0,21-FEB-2022,
OPTIDX,NIFTY,03-Mar-2022,19300,CE,2.75,2.75,1.95,2.45,2.45,189,1824.05,7400,-2200,21-FEB-2022,
OPTIDX,NIFTY,03-Mar-2022,19350,CE,0,0,0,188.7,0.15,0,0,0,0,21-FEB-2022,
OPTIDX,NIFTY,03-Mar-2022,19400,CE,1.55,2.5,1.55,2.4,0.1,11,106.71,3350,50,21-FEB-2022,
OPTIDX,NIFTY,03-Mar-2022,19450,CE,3.05,3.1,2.1,2.1,0.1,24,233.42,2900,600,21-FEB-2022,
OPTIDX,NIFTY,03-Mar-2022,19500,CE,1.75,2.4,1.75,2.25,2.25,276,2691.29,27650,9400,21-FEB-2022,
OPTIDX,NIFTY,03-Mar-2022,19550,CE,1.5,3.45,1.5,2,0.05,24,234.62,900,700,21-FEB-2022,
OPTIDX,NIFTY,03-Mar-2022,19600,CE,2.7,2.7,0.9,2.1,2.1,71,695.87,2750,1250,21-FEB-2022,
OPTIDX,NIFTY,03-Mar-2022,19650,CE,0,0,0,159,0.05,0,0,0,0,21-FEB-2022,
OPTIDX,NIFTY,03-Mar-2022,19700,CE,2.75,2.75,1.8,2.15,2.15,86,847.18,4400,2600,21-FEB-2022,
OPTIDX,NIFTY,03-Mar-2022,19750,CE,0,0,0,145.7,0.05,0,0,0,0,21-FEB-2022,
OPTIDX,NIFTY,03-Mar-2022,19800,CE,2.15,2.15,1.7,2,2,1319,13059.4,87850,49050,21-FEB-2022,
OPTIDX,NIFTY,03-Mar-2022,15350,PE,14.2,17.5,7.45,9.05,9.05,1565,12019.75,38350,9850,21-FEB-2022,
OPTIDX,NIFTY,03-Mar-2022,15400,PE,18,19.85,8.55,10,10,3614,27848.12,62750,38600,21-FEB-2022,
OPTIDX,NIFTY,03-Mar-2022,15450,PE,6.8,6.8,6.8,6.8,6.8,1,7.72,1300,0,21-FEB-2022,
OPTIDX,NIFTY,03-Mar-2022,15500,PE,22,22.25,10.35,12.25,12.25,13926,108031.61,257550,23050,21-FEB-2022,
OPTIDX,NIFTY,03-Mar-2022,15550,PE,10.55,13.05,10.55,13.05,13.05,14,108.93,1750,350,21-FEB-2022,
OPTIDX,NIFTY,03-Mar-2022,15600,PE,24,25,12.35,14.15,14.15,2962,23127.67,35600,9350,21-FEB-2022,
OPTIDX,NIFTY,03-Mar-2022,15650,PE,0,0,0,136.45,0.85,0,0,0,0,21-FEB-2022,
OPTIDX,NIFTY,03-Mar-2022,15700,PE,26,27.5,14.55,16.95,16.95,3227,25362.92,38750,10300,21-FEB-2022,
OPTIDX,NIFTY,03-Mar-2022,15750,PE,21.3,21.3,13.7,18.25,18.25,191,1505.85,1400,950,21-FEB-2022,
OPTIDX,NIFTY,03-Mar-2022,15800,PE,28.7,32.5,16.9,20.1,20.1,8434,66720.65,127050,97650,21-FEB-2022,
OPTIDX,NIFTY,03-Mar-2022,15850,PE,32.2,34.2,18.9,21.95,21.95,492,3904.92,1950,1750,21-FEB-2022,
OPTIDX,NIFTY,03-Mar-2022,15900,PE,38.7,38.8,20.55,24.3,24.3,4698,37411.8,37100,-800,21-FEB-2022,
OPTIDX,NIFTY,03-Mar-2022,15950,PE,37.45,40.3,22.3,26.25,26.25,572,4569.49,5700,1700,21-FEB-2022,
OPTIDX,NIFTY,03-Mar-2022,16000,PE,41.1,49.8,24.25,29.35,29.35,24035,192665.15,220600,50150,21-FEB-2022,
OPTIDX,NIFTY,03-Mar-2022,16050,PE,43.2,48.35,25.8,31.7,31.7,687,5524.45,5550,1750,21-FEB-2022,
OPTIDX,NIFTY,03-Mar-2022,16100,PE,49.3,52.6,28.75,34.95,34.95,7443,60055.21,65550,46000,21-FEB-2022,
OPTIDX,NIFTY,03-Mar-2022,16150,PE,50.3,57,31.3,38,38,723,5853.39,8400,6050,21-FEB-2022,
OPTIDX,NIFTY,03-Mar-2022,16200,PE,59.2,62.85,34.1,42.2,42.2,8513,69148.47,125900,43900,21-FEB-2022,
OPTIDX,NIFTY,03-Mar-2022,16250,PE,59.9,68.1,37.5,45.95,45.95,951,7749.98,10650,4150,21-FEB-2022,
OPTIDX,NIFTY,03-Mar-2022,16300,PE,67.45,75,40.7,50.6,50.6,7368,60248.8,122200,50400,21-FEB-2022,
OPTIDX,NIFTY,03-Mar-2022,16350,PE,70.2,81.8,44.85,53.5,53.5,951,7801.22,6500,3350,21-FEB-2022,
OPTIDX,NIFTY,03-Mar-2022,16400,PE,77.8,89.25,48.9,60.8,60.8,9965,82054.35,120100,10450,21-FEB-2022,
OPTIDX,NIFTY,03-Mar-2022,16450,PE,86.95,97.9,53.25,67.55,67.55,1169,9657.51,2750,-2850,21-FEB-2022,
OPTIDX,NIFTY,03-Mar-2022,16500,PE,97.4,106.5,57.65,73.85,73.85,29536,244814.9,318400,90450,21-FEB-2022,
OPTIDX,NIFTY,03-Mar-2022,16550,PE,99.45,115.35,63.05,81.4,81.4,2576,21434.97,25250,19050,21-FEB-2022,
OPTIDX,NIFTY,03-Mar-2022,16600,PE,116.95,126.4,69,87.5,87.5,18245,152298.93,307100,66750,21-FEB-2022,
OPTIDX,NIFTY,03-Mar-2022,16650,PE,117.45,137.95,75.5,94.45,94.45,1010,8458.03,12750,4300,21-FEB-2022,
OPTIDX,NIFTY,03-Mar-2022,16700,PE,112,149.4,81.9,105.05,105.05,18925,159097.08,293200,67100,21-FEB-2022,
OPTIDX,NIFTY,03-Mar-2022,16750,PE,132.05,162.15,89.6,115.95,115.95,1251,10550.16,12750,-1850,21-FEB-2022,
OPTIDX,NIFTY,03-Mar-2022,16800,PE,138.5,176.9,97.5,126.4,126.4,28785,243702.9,271050,79800,21-FEB-2022,
OPTIDX,NIFTY,03-Mar-2022,16850,PE,150.95,191.35,107.25,136.15,136.15,2903,24677.35,12100,-3400,21-FEB-2022,
OPTIDX,NIFTY,03-Mar-2022,16900,PE,174.55,208.55,115.65,149.05,149.05,32824,279987.77,400350,71850,21-FEB-2022,
OPTIDX,NIFTY,03-Mar-2022,16950,PE,197.75,225.9,126.85,161.95,161.95,4364,37355.07,29300,7150,21-FEB-2022,
OPTIDX,NIFTY,03-Mar-2022,17000,PE,197.5,244.5,137.1,177,177,68573,589323.75,480850,121550,21-FEB-2022,
OPTIDX,NIFTY,03-Mar-2022,17050,PE,223.3,264.15,150.65,192,192,10097,87107.09,34800,18500,21-FEB-2022,
OPTIDX,NIFTY,03-Mar-2022,17100,PE,233.6,285.45,163.15,210.35,210.35,41486,359346.35,228350,106550,21-FEB-2022,
OPTIDX,NIFTY,03-Mar-2022,17150,PE,251.45,308.6,177.75,230.05,230.05,10064,87511.57,111150,100450,21-FEB-2022,
OPTIDX,NIFTY,03-Mar-2022,17200,PE,269.7,333.1,193,250.6,250.6,66279,578397.01,370100,136600,21-FEB-2022,
OPTIDX,NIFTY,03-Mar-2022,17250,PE,285.95,357.6,210,271.35,271.35,13348,116877.34,50650,9000,21-FEB-2022,
OPTIDX,NIFTY,03-Mar-2022,17300,PE,290,384.45,227.95,294.5,294.5,40754,358238.43,281250,15250,21-FEB-2022,
OPTIDX,NIFTY,03-Mar-2022,17350,PE,298,410,247.95,320.35,320.35,2877,25386.1,16200,-5650,21-FEB-2022,
OPTIDX,NIFTY,03-Mar-2022,17400,PE,364.05,440.1,268,344.7,344.7,9561,84792.57,135150,-1400,21-FEB-2022,
OPTIDX,NIFTY,03-Mar-2022,17450,PE,376.95,470.75,292.5,370.95,370.95,387,3445.94,8250,0,21-FEB-2022,
OPTIDX,NIFTY,03-Mar-2022,17500,PE,367.1,506.6,317.45,403.65,403.65,8179,73150.76,102700,12000,21-FEB-2022,
OPTIDX,NIFTY,03-Mar-2022,17550,PE,430,535,347.95,437,437,78,701.13,6900,-250,21-FEB-2022,
OPTIDX,NIFTY,03-Mar-2022,17600,PE,479.8,569,372,470.65,470.65,559,5045.25,12300,650,21-FEB-2022,
OPTIDX,NIFTY,03-Mar-2022,17650,PE,517.95,593.2,404.65,502.85,502.85,38,345.03,6000,150,21-FEB-2022,
OPTIDX,NIFTY,03-Mar-2022,17700,PE,541.05,640,438,541.15,541.15,844,7686.22,21650,3100,21-FEB-2022,
OPTIDX,NIFTY,03-Mar-2022,17750,PE,572.95,654,508.05,584.95,584.95,22,201.52,7800,100,21-FEB-2022,
OPTIDX,NIFTY,03-Mar-2022,17800,PE,639.2,720,507,616.65,616.65,623,5720.75,19200,6200,21-FEB-2022,
OPTIDX,NIFTY,03-Mar-2022,17850,PE,664.4,749.8,559.1,645,679.7,20,185.31,450,-200,21-FEB-2022,
OPTIDX,NIFTY,03-Mar-2022,17900,PE,768.3,787.4,597.1,700.2,700.2,54,501.66,6000,1200,21-FEB-2022,
OPTIDX,NIFTY,03-Mar-2022,17950,PE,752.8,843.8,742.35,754.65,754.65,5,46.79,150,50,21-FEB-2022,
OPTIDX,NIFTY,03-Mar-2022,18000,PE,813.85,893,665.75,800.3,800.3,341,3198.46,20500,4800,21-FEB-2022,
OPTIDX,NIFTY,03-Mar-2022,18050,PE,820.4,842,765,765,854.1,5,47.16,150,50,21-FEB-2022,
OPTIDX,NIFTY,03-Mar-2022,18100,PE,900.85,953.9,734.9,892.15,892.15,20,189.43,750,200,21-FEB-2022,
OPTIDX,NIFTY,03-Mar-2022,18150,PE,0,0,0,835.4,945.45,0,0,50,0,21-FEB-2022,
OPTIDX,NIFTY,03-Mar-2022,18200,PE,994.4,1073.2,887.45,960.7,991.95,22,210.92,1400,400,21-FEB-2022,
OPTIDX,NIFTY,03-Mar-2022,18250,PE,0,0,0,982.75,1038.95,0,0,100,0,21-FEB-2022,
OPTIDX,NIFTY,03-Mar-2022,18300,PE,1078.25,1167.55,956.6,1095.25,1095.25,11,106.35,400,200,21-FEB-2022,
OPTIDX,NIFTY,03-Mar-2022,18350,PE,0,0,0,985.5,1134.1,0,0,50,0,21-FEB-2022,
OPTIDX,NIFTY,03-Mar-2022,18400,PE,1179.75,1230.5,1132.75,1132.75,1182.15,6,58.76,150,0,21-FEB-2022,
OPTIDX,NIFTY,03-Mar-2022,18450,PE,0,0,0,1080.65,1230.55,0,0,50,0,21-FEB-2022,
OPTIDX,NIFTY,03-Mar-2022,18500,PE,1345.5,1348,1168,1235,1279.15,7,69.12,800,0,21-FEB-2022,
OPTIDX,NIFTY,03-Mar-2022,18550,PE,0,0,0,1179.2,1328,0,0,50,0,21-FEB-2022,
OPTIDX,NIFTY,03-Mar-2022,18600,PE,0,0,0,1453.35,1377,0,0,50,0,21-FEB-2022,
OPTIDX,NIFTY,03-Mar-2022,18650,PE,0,0,0,1298,1426.15,0,0,50,0,21-FEB-2022,
OPTIDX,NIFTY,03-Mar-2022,18700,PE,0,0,0,1413.4,1475.45,0,0,50,0,21-FEB-2022,
OPTIDX,NIFTY,03-Mar-2022,18750,PE,1494.5,1494.5,1494.5,1494.5,1524.85,1,10.12,50,50,21-FEB-2022,
OPTIDX,NIFTY,03-Mar-2022,18800,PE,0,0,0,1504,1574.35,0,0,50,0,21-FEB-2022,
OPTIDX,NIFTY,03-Mar-2022,18850,PE,0,0,0,1542.2,1623.95,0,0,0,0,21-FEB-2022,
OPTIDX,NIFTY,03-Mar-2022,18900,PE,0,0,0,1596,1673.6,0,0,50,0,21-FEB-2022,
OPTIDX,NIFTY,03-Mar-2022,18950,PE,0,0,0,1408.85,1723.3,0,0,0,0,21-FEB-2022,
OPTIDX,NIFTY,03-Mar-2022,19000,PE,1720,1720,1720,1720,1773.05,1,10.36,150,0,21-FEB-2022,
OPTIDX,NIFTY,03-Mar-2022,19050,PE,0,0,0,1487.85,1822.85,0,0,0,0,21-FEB-2022,
OPTIDX,NIFTY,03-Mar-2022,19100,PE,0,0,0,1527.95,1872.65,0,0,0,0,21-FEB-2022,
OPTIDX,NIFTY,03-Mar-2022,19150,PE,0,0,0,1568.5,1922.5,0,0,0,0,21-FEB-2022,
OPTIDX,NIFTY,03-Mar-2022,19200,PE,0,0,0,1792.45,1972.35,0,0,50,0,21-FEB-2022,
OPTIDX,NIFTY,03-Mar-2022,19250,PE,0,0,0,1506.65,2022.25,0,0,0,0,21-FEB-2022,
OPTIDX,NIFTY,03-Mar-2022,19300,PE,0,0,0,1925.15,2072.15,0,0,50,0,21-FEB-2022,
OPTIDX,NIFTY,03-Mar-2022,19350,PE,0,0,0,1490.25,2122.05,0,0,0,0,21-FEB-2022,
OPTIDX,NIFTY,03-Mar-2022,19400,PE,0,0,0,1530.4,2171.95,0,0,0,0,21-FEB-2022,
OPTIDX,NIFTY,03-Mar-2022,19450,PE,0,0,0,2400.7,2221.9,0,0,50,0,21-FEB-2022,
OPTIDX,NIFTY,03-Mar-2022,19500,PE,0,0,0,1536.7,2271.8,0,0,0,0,21-FEB-2022,
OPTIDX,NIFTY,03-Mar-2022,19550,PE,0,0,0,1533.3,2321.75,0,0,0,0,21-FEB-2022,
OPTIDX,NIFTY,03-Mar-2022,19600,PE,0,0,0,1446,2371.65,0,0,0,0,21-FEB-2022,
OPTIDX,NIFTY,03-Mar-2022,19650,PE,0,0,0,1486.6,2421.6,0,0,0,0,21-FEB-2022,
OPTIDX,NIFTY,03-Mar-2022,19700,PE,0,0,0,1527.6,2471.55,0,0,0,0,21-FEB-2022,
OPTIDX,NIFTY,03-Mar-2022,19750,PE,0,0,0,1529.75,2521.5,0,0,0,0,21-FEB-2022,
OPTIDX,NIFTY,03-Mar-2022,19800,PE,0,0,0,2772,2571.4,0,0,50,0,21-FEB-2022,
OPTIDX,NIFTY,10-Mar-2022,15350,CE,0,0,0,1549.2,1887.5,0,0,0,0,21-FEB-2022,
OPTIDX,NIFTY,10-Mar-2022,15400,CE,0,0,0,1501.7,1838.05,0,0,0,0,21-FEB-2022,
OPTIDX,NIFTY,10-Mar-2022,15450,CE,0,0,0,1454.55,1788.65,0,0,0,0,21-FEB-2022,
OPTIDX,NIFTY,10-Mar-2022,15500,CE,0,0,0,1407.75,1739.35,0,0,0,0,21-FEB-2022,
OPTIDX,NIFTY,10-Mar-2022,15550,CE,0,0,0,1361.3,1690.2,0,0,0,0,21-FEB-2022,
OPTIDX,NIFTY,10-Mar-2022,15600,CE,0,0,0,1637.45,1641.2,0,0,0,0,21-FEB-2022,
OPTIDX,NIFTY,10-Mar-2022,15650,CE,0,0,0,1638.2,1592.3,0,0,0,0,21-FEB-2022,
OPTIDX,NIFTY,10-Mar-2022,15700,CE,0,0,0,1593.95,1543.65,0,0,0,0,21-FEB-2022,
OPTIDX,NIFTY,10-Mar-2022,15750,CE,0,0,0,1550.1,1495.15,0,0,0,0,21-FEB-2022,
OPTIDX,NIFTY,10-Mar-2022,15800,CE,1411.8,1411.8,1411.8,1411.8,1446.9,1,8.6,50,50,21-FEB-2022,
OPTIDX,NIFTY,10-Mar-2022,15850,CE,0,0,0,1463.75,1398.9,0,0,0,0,21-FEB-2022,
OPTIDX,NIFTY,10-Mar-2022,15900,CE,1349.2,1349.2,1349.2,1349.2,1351.2,1,8.62,50,50,21-FEB-2022,
OPTIDX,NIFTY,10-Mar-2022,15950,CE,0,0,0,1379.25,1303.85,0,0,0,0,21-FEB-2022,
OPTIDX,NIFTY,10-Mar-2022,16000,CE,1300,1300,1300,1300,1256.85,1,8.65,100,50,21-FEB-2022,
OPTIDX,NIFTY,10-Mar-2022,16050,CE,0,0,0,1296.75,1210.2,0,0,0,0,21-FEB-2022,
OPTIDX,NIFTY,10-Mar-2022,16100,CE,1121.6,1121.6,1121.6,1121.6,1164.05,1,8.61,50,50,21-FEB-2022,
OPTIDX,NIFTY,10-Mar-2022,16150,CE,0,0,0,1622.65,1118.35,0,0,0,0,21-FEB-2022,
OPTIDX,NIFTY,10-Mar-2022,16200,CE,0,0,0,1192.05,1073.2,0,0,50,0,21-FEB-2022,
OPTIDX,NIFTY,10-Mar-2022,16250,CE,0,0,0,1726.85,1028.55,0,0,0,0,21-FEB-2022,
OPTIDX,NIFTY,10-Mar-2022,16300,CE,1006.5,1006.5,1006.5,1006.5,984.6,1,8.65,50,50,21-FEB-2022,
OPTIDX,NIFTY,10-Mar-2022,16350,CE,0,0,0,1644,941.25,0,0,0,0,21-FEB-2022,
OPTIDX,NIFTY,10-Mar-2022,16400,CE,0,0,0,1054.25,898.6,0,0,50,0,21-FEB-2022,
OPTIDX,NIFTY,10-Mar-2022,16450,CE,0,0,0,1562.95,856.75,0,0,0,0,21-FEB-2022,
OPTIDX,NIFTY,10-Mar-2022,16500,CE,893.4,914.1,858.05,860.55,860.55,15,130.35,800,-200,21-FEB-2022,
OPTIDX,NIFTY,10-Mar-2022,16550,CE,0,0,0,1483.65,775.45,0,0,0,0,21-FEB-2022,
OPTIDX,NIFTY,10-Mar-2022,16600,CE,806.9,806.9,738.2,738.2,736.1,4,34.74,100,50,21-FEB-2022,
OPTIDX,NIFTY,10-Mar-2022,16650,CE,713,713,704.95,704.95,697.7,2,17.35,50,50,21-FEB-2022,
OPTIDX,NIFTY,10-Mar-2022,16700,CE,711.95,748.5,648,706.95,706.95,40,347.5,500,400,21-FEB-2022,
OPTIDX,NIFTY,10-Mar-2022,16750,CE,648,671,622.95,671,623.7,13,113.03,300,-250,21-FEB-2022,
OPTIDX,NIFTY,10-Mar-2022,16800,CE,649.05,721.2,571,636.6,636.6,92,801.48,600,-1450,21-FEB-2022,
OPTIDX,NIFTY,10-Mar-2022,16850,CE,550,676,550,594.6,594.6,13,113.54,300,0,21-FEB-2022,
OPTIDX,NIFTY,10-Mar-2022,16900,CE,580,656,516,562.5,562.5,193,1685.01,2050,400,21-FEB-2022,
OPTIDX,NIFTY,10-Mar-2022,16950,CE,555,615,483,527.7,527.7,55,480.59,1850,1750,21-FEB-2022,
OPTIDX,NIFTY,10-Mar-2022,17000,CE,510.6,585,445.95,496.45,496.45,555,4855.24,6600,2750,21-FEB-2022,
OPTIDX,NIFTY,10-Mar-2022,17050,CE,464.25,549.95,420,475.05,428.4,89,779.55,950,600,21-FEB-2022,
OPTIDX,NIFTY,10-Mar-2022,17100,CE,456.9,520,390,432.35,432.35,895,7846.21,5750,2350,21-FEB-2022,
OPTIDX,NIFTY,10-Mar-2022,17150,CE,423.05,487.1,365,401.75,401.75,411,3608.65,1150,500,21-FEB-2022,
OPTIDX,NIFTY,10-Mar-2022,17200,CE,378.45,455,335.95,374.95,374.95,4879,42859.16,19200,12300,21-FEB-2022,
OPTIDX,NIFTY,10-Mar-2022,17250,CE,356.55,420,313.95,348.3,348.3,488,4297.44,4150,1400,21-FEB-2022,
OPTIDX,NIFTY,10-Mar-2022,17300,CE,341.95,395,287.5,321.35,321.35,3533,31146.3,32100,18100,21-FEB-2022,
OPTIDX,NIFTY,10-Mar-2022,17350,CE,313.1,363.3,267.05,296.35,296.35,1127,9944.41,24950,23750,21-FEB-2022,
OPTIDX,NIFTY,10-Mar-2022,17400,CE,287.45,337,241,273.1,273.1,1984,17535.14,17900,2850,21-FEB-2022,
OPTIDX,NIFTY,10-Mar-2022,17450,CE,250.95,306.8,225.1,250.95,250.95,175,1549.55,2650,1100,21-FEB-2022,
OPTIDX,NIFTY,10-Mar-2022,17500,CE,232.5,284.85,203.25,225.7,225.7,5203,46132.61,54550,16150,21-FEB-2022,
OPTIDX,NIFTY,10-Mar-2022,17550,CE,228.45,256.05,180.7,205,205,388,3446.64,7550,6850,21-FEB-2022,
OPTIDX,NIFTY,10-Mar-2022,17600,CE,199.45,235,165.9,184.25,184.25,2364,21027.02,33600,12800,21-FEB-2022,
OPTIDX,NIFTY,10-Mar-2022,17650,CE,159,210.95,153,163,163,66,588.44,1700,150,21-FEB-2022,
OPTIDX,NIFTY,10-Mar-2022,17700,CE,155,190.5,133.8,145.9,145.9,1541,13759.11,22250,6000,21-FEB-2022,
OPTIDX,NIFTY,10-Mar-2022,17750,CE,140,167.05,119.95,137.4,137.4,65,581.18,1650,1250,21-FEB-2022,
OPTIDX,NIFTY,10-Mar-2022,17800,CE,125.55,152.2,105.7,113.65,113.65,2631,23572.83,38950,24550,21-FEB-2022,
OPTIDX,NIFTY,10-Mar-2022,17850,CE,96.45,139.95,80.3,103.45,103.45,275,2469.53,5200,4800,21-FEB-2022,
OPTIDX,NIFTY,10-Mar-2022,17900,CE,96.8,118.55,80.85,87.45,87.45,1804,16231.4,22650,13000,21-FEB-2022,
OPTIDX,NIFTY,10-Mar-2022,17950,CE,83.65,107.55,70.6,77.95,77.95,490,4420.52,4450,4100,21-FEB-2022,
OPTIDX,NIFTY,10-Mar-2022,18000,CE,77.1,90.35,60.7,67.2,67.2,6259,56554.34,108400,58650,21-FEB-2022,
OPTIDX,NIFTY,10-Mar-2022,18050,CE,55.85,77.75,54.4,58.5,58.5,493,4464.99,2900,2450,21-FEB-2022,
OPTIDX,NIFTY,10-Mar-2022,18100,CE,57.85,67.5,44,49.45,49.45,1750,15882.91,34800,25400,21-FEB-2022,
OPTIDX,NIFTY,10-Mar-2022,18150,CE,0,0,0,62.75,60.15,0,0,100,0,21-FEB-2022,
OPTIDX,NIFTY,10-Mar-2022,18200,CE,40,48.45,32.15,36.85,36.85,1564,14262.58,37650,30450,21-FEB-2022,
OPTIDX,NIFTY,10-Mar-2022,18250,CE,0,0,0,477.55,47.9,0,0,0,0,21-FEB-2022,
OPTIDX,NIFTY,10-Mar-2022,18300,CE,32.05,36.25,22.1,26.4,26.4,508,4655.29,18200,1650,21-FEB-2022,
OPTIDX,NIFTY,10-Mar-2022,18350,CE,0,0,0,439.85,37.8,0,0,0,0,21-FEB-2022,
OPTIDX,NIFTY,10-Mar-2022,18400,CE,23.95,25.2,16.9,19.7,19.7,953,8777.45,22300,7750,21-FEB-2022,
OPTIDX,NIFTY,10-Mar-2022,18450,CE,0,0,0,404.45,29.6,0,0,0,0,21-FEB-2022,
OPTIDX,NIFTY,10-Mar-2022,18500,CE,18.95,18.95,12.8,13.8,13.8,1389,12858.75,54350,12950,21-FEB-2022,
OPTIDX,NIFTY,10-Mar-2022,18550,CE,0,0,0,371.2,22.95,0,0,0,0,21-FEB-2022,
OPTIDX,NIFTY,10-Mar-2022,18600,CE,13.85,13.85,9.2,10.1,10.1,583,5425.18,11750,6150,21-FEB-2022,
OPTIDX,NIFTY,10-Mar-2022,18650,CE,0,0,0,340.05,17.65,0,0,0,0,21-FEB-2022,
OPTIDX,NIFTY,10-Mar-2022,18700,CE,13.7,13.75,6.45,8,8,249,2329.28,8400,5600,21-FEB-2022,
OPTIDX,NIFTY,10-Mar-2022,18750,CE,0,0,0,310.95,13.45,0,0,0,0,21-FEB-2022,
OPTIDX,NIFTY,10-Mar-2022,18800,CE,9.45,9.45,8.85,9.45,11.7,37,347.97,1850,1850,21-FEB-2022,
OPTIDX,NIFTY,10-Mar-2022,18850,CE,0,0,0,283.85,10.2,0,0,0,0,21-FEB-2022,
OPTIDX,NIFTY,10-Mar-2022,18900,CE,6.9,9.95,6.9,6.9,6.9,23,217.43,1250,900,21-FEB-2022,
OPTIDX,NIFTY,10-Mar-2022,18950,CE,0,0,0,259.5,7.65,0,0,0,0,21-FEB-2022,
OPTIDX,NIFTY,10-Mar-2022,19000,CE,6.05,6.65,5.1,5.7,5.7,260,2470.76,21800,2450,21-FEB-2022,
OPTIDX,NIFTY,10-Mar-2022,19050,CE,6,6,6,6,5.7,1,9.52,600,0,21-FEB-2022,
OPTIDX,NIFTY,10-Mar-2022,19100,CE,3.55,6,3.55,6,4.9,2,19.1,50,0,21-FEB-2022,
OPTIDX,NIFTY,10-Mar-2022,19150,CE,0,0,0,213.95,4.2,0,0,0,0,21-FEB-2022,
OPTIDX,NIFTY,10-Mar-2022,19200,CE,5.1,5.35,5.1,5.3,5.3,22,211.25,900,450,21-FEB-2022,
OPTIDX,NIFTY,10-Mar-2022,19250,CE,0,0,0,193.95,3.05,0,0,0,0,21-FEB-2022,
OPTIDX,NIFTY,10-Mar-2022,19300,CE,0,0,0,186.1,2.6,0,0,0,0,21-FEB-2022,
OPTIDX,NIFTY,10-Mar-2022,19350,CE,0,0,0,213.95,2.25,0,0,0,0,21-FEB-2022,
OPTIDX,NIFTY,10-Mar-2022,19400,CE,0,0,0,203.55,1.9,0,0,0,0,21-FEB-2022,
OPTIDX,NIFTY,10-Mar-2022,19450,CE,0,0,0,193.55,1.6,0,0,0,0,21-FEB-2022,
OPTIDX,NIFTY,10-Mar-2022,19500,CE,2.6,5.5,2.55,3.45,3.45,130,1267.73,5550,-100,21-FEB-2022,
OPTIDX,NIFTY,10-Mar-2022,19550,CE,0,0,0,181.25,1.15,0,0,0,0,21-FEB-2022,
OPTIDX,NIFTY,10-Mar-2022,19600,CE,4.5,4.5,3,4.35,0.95,21,205.84,150,100,21-FEB-2022,
OPTIDX,NIFTY,10-Mar-2022,19650,CE,0,0,0,45.8,0.8,0,0,50,0,21-FEB-2022,
OPTIDX,NIFTY,10-Mar-2022,19700,CE,3.65,3.65,3,3.15,0.7,4,39.4,2200,-150,21-FEB-2022,
OPTIDX,NIFTY,10-Mar-2022,19750,CE,0,0,0,3.1,0.6,0,0,50,0,21-FEB-2022,
OPTIDX,NIFTY,10-Mar-2022,19800,CE,3.4,3.85,1.15,3.05,3.05,44,435.66,8950,-600,21-FEB-2022,
OPTIDX,NIFTY,10-Mar-2022,15350,PE,15.55,26,15.55,26,1.9,7,53.79,300,300,21-FEB-2022,
OPTIDX,NIFTY,10-Mar-2022,15400,PE,0,0,0,17.95,2.35,0,0,0,0,21-FEB-2022,
OPTIDX,NIFTY,10-Mar-2022,15450,PE,0,0,0,20.7,2.9,0,0,0,0,21-FEB-2022,
OPTIDX,NIFTY,10-Mar-2022,15500,PE,25.9,34.95,22,30.1,30.1,126,978.34,3500,3500,21-FEB-2022,
OPTIDX,NIFTY,10-Mar-2022,15550,PE,30,30,18.15,18.15,4.25,6,46.71,250,250,21-FEB-2022,
OPTIDX,NIFTY,10-Mar-2022,15600,PE,28,43,22,36.9,36.9,145,1133.35,4950,4750,21-FEB-2022,
OPTIDX,NIFTY,10-Mar-2022,15650,PE,0,0,0,58.25,6.2,0,0,0,0,21-FEB-2022,
OPTIDX,NIFTY,10-Mar-2022,15700,PE,36.2,40.5,36.2,38.2,38.2,18,141.64,900,900,21-FEB-2022,
OPTIDX,NIFTY,10-Mar-2022,15750,PE,0,0,0,69.7,8.85,0,0,0,0,21-FEB-2022,
OPTIDX,NIFTY,10-Mar-2022,15800,PE,54.85,60.15,38.35,47.3,47.3,289,2289.84,6050,5500,21-FEB-2022,
OPTIDX,NIFTY,10-Mar-2022,15850,PE,57.3,57.3,57.3,57.3,12.4,1,7.95,50,50,21-FEB-2022,
OPTIDX,NIFTY,10-Mar-2022,15900,PE,68.7,70.35,45.8,55.7,55.7,53,422.78,1100,550,21-FEB-2022,
OPTIDX,NIFTY,10-Mar-2022,15950,PE,0,0,0,61.3,17.15,0,0,50,0,21-FEB-2022,
OPTIDX,NIFTY,10-Mar-2022,16000,PE,78.35,82,52.15,66,66,3184,25577.41,63950,28600,21-FEB-2022,
OPTIDX,NIFTY,10-Mar-2022,16050,PE,86.45,86.45,56.45,72.2,23.3,9,72.56,50,-50,21-FEB-2022,
OPTIDX,NIFTY,10-Mar-2022,16100,PE,84.5,95.1,59,71.55,71.55,54,436.82,1000,700,21-FEB-2022,
OPTIDX,NIFTY,10-Mar-2022,16150,PE,70.45,81.25,70.45,81.25,31.25,2,16.22,100,100,21-FEB-2022,
OPTIDX,NIFTY,10-Mar-2022,16200,PE,100.8,112.25,70.6,89.15,89.15,394,3209.57,7150,6100,21-FEB-2022,
OPTIDX,NIFTY,10-Mar-2022,16250,PE,118.1,118.1,105.4,105.4,41.3,15,122.71,350,300,21-FEB-2022,
OPTIDX,NIFTY,10-Mar-2022,16300,PE,113.35,128.45,87.1,104.65,104.65,194,1591.38,5650,3600,21-FEB-2022,
OPTIDX,NIFTY,10-Mar-2022,16350,PE,128.5,128.5,83.35,120.35,120.35,10,82.32,450,350,21-FEB-2022,
OPTIDX,NIFTY,10-Mar-2022,16400,PE,125.8,148.35,94.35,117.15,117.15,814,6725.46,11750,4550,21-FEB-2022,
OPTIDX,NIFTY,10-Mar-2022,16450,PE,147.3,147.3,115.2,119.9,119.9,4,33.15,150,150,21-FEB-2022,
OPTIDX,NIFTY,10-Mar-2022,16500,PE,142,172.5,107.5,134.25,134.25,5233,43531.56,68400,20300,21-FEB-2022,
OPTIDX,NIFTY,10-Mar-2022,16550,PE,169,177.15,77.25,110.15,110.15,17,141.92,400,150,21-FEB-2022,
OPTIDX,NIFTY,10-Mar-2022,16600,PE,163.05,195.8,123.05,154.8,154.8,921,7715.45,12700,8500,21-FEB-2022,
OPTIDX,NIFTY,10-Mar-2022,16650,PE,203.2,203.2,95,167.65,167.65,55,462.07,650,450,21-FEB-2022,
OPTIDX,NIFTY,10-Mar-2022,16700,PE,189.5,224,142.35,178.4,178.4,1289,10880.25,20750,14900,21-FEB-2022,
OPTIDX,NIFTY,10-Mar-2022,16750,PE,215.05,215.05,150.9,191.25,191.25,32,270.85,700,400,21-FEB-2022,
OPTIDX,NIFTY,10-Mar-2022,16800,PE,220,255,162,203.85,203.85,1309,11128.16,14050,5300,21-FEB-2022,
OPTIDX,NIFTY,10-Mar-2022,16850,PE,249.55,249.95,190,212.65,212.65,16,136.59,1800,100,21-FEB-2022,
OPTIDX,NIFTY,10-Mar-2022,16900,PE,239,290.95,188,232.15,232.15,1392,11926.23,22700,15450,21-FEB-2022,
OPTIDX,NIFTY,10-Mar-2022,16950,PE,255.7,305.45,206.8,249.85,249.85,223,1917.49,3000,1050,21-FEB-2022,
OPTIDX,NIFTY,10-Mar-2022,17000,PE,272.4,331.45,213.75,264.75,264.75,3725,32155.3,49100,1000,21-FEB-2022,
OPTIDX,NIFTY,10-Mar-2022,17050,PE,287.65,349.45,233,282.15,282.15,95,823.42,1750,850,21-FEB-2022,
OPTIDX,NIFTY,10-Mar-2022,17100,PE,308,369.95,245.55,304.4,304.4,2166,18855.41,18350,3950,21-FEB-2022,
OPTIDX,NIFTY,10-Mar-2022,17150,PE,322.95,393.5,264,325.5,325.5,165,1441.53,1950,1500,21-FEB-2022,
OPTIDX,NIFTY,10-Mar-2022,17200,PE,359.25,418,279.15,344.6,344.6,2672,23436.47,24600,1100,21-FEB-2022,
OPTIDX,NIFTY,10-Mar-2022,17250,PE,365.45,437.95,300,366.2,366.2,317,2790.21,3500,400,21-FEB-2022,
OPTIDX,NIFTY,10-Mar-2022,17300,PE,387.95,468.4,315.1,392.7,392.7,3198,28255.45,53700,34250,21-FEB-2022,
OPTIDX,NIFTY,10-Mar-2022,17350,PE,425,487,344.75,412.65,412.65,313,2776.86,3300,1250,21-FEB-2022,
OPTIDX,NIFTY,10-Mar-2022,17400,PE,448.95,524.05,360,440.4,440.4,827,7372.61,14700,6100,21-FEB-2022,
OPTIDX,NIFTY,10-Mar-2022,17450,PE,449.95,507.05,395.05,475.45,444.95,16,143.19,250,-200,21-FEB-2022,
OPTIDX,NIFTY,10-Mar-2022,17500,PE,489.95,586,415,493.3,493.3,637,5725.81,10100,3750,21-FEB-2022,
OPTIDX,NIFTY,10-Mar-2022,17550,PE,507.95,581,452.05,495.95,508.1,20,180.6,500,400,21-FEB-2022,
OPTIDX,NIFTY,10-Mar-2022,17600,PE,546.95,636,458.6,552.7,552.7,191,1730.26,2050,500,21-FEB-2022,
OPTIDX,NIFTY,10-Mar-2022,17650,PE,580.95,658.45,351.95,475.35,475.35,25,227.61,750,350,21-FEB-2022,
OPTIDX,NIFTY,10-Mar-2022,17700,PE,618.95,684.75,439.05,619.65,619.65,130,1188.07,4000,600,21-FEB-2022,
OPTIDX,NIFTY,10-Mar-2022,17750,PE,655.4,701.55,546,568,647.3,32,293.45,2100,300,21-FEB-2022,
OPTIDX,NIFTY,10-Mar-2022,17800,PE,675.8,750,576,678.95,678.95,52,479.08,3550,500,21-FEB-2022,
OPTIDX,NIFTY,10-Mar-2022,17850,PE,734.65,796.6,688.9,688.9,723,5,46.5,750,0,21-FEB-2022,
OPTIDX,NIFTY,10-Mar-2022,17900,PE,763.45,841.25,698.25,750,762.1,6,56.02,150,50,21-FEB-2022,
OPTIDX,NIFTY,10-Mar-2022,17950,PE,0,0,0,276,802.05,0,0,50,0,21-FEB-2022,
OPTIDX,NIFTY,10-Mar-2022,18000,PE,834.95,910,739,835.7,835.7,43,404.04,3100,1200,21-FEB-2022,
OPTIDX,NIFTY,10-Mar-2022,18050,PE,785.6,785.6,785.6,785.6,884.25,1,9.41,50,50,21-FEB-2022,
OPTIDX,NIFTY,10-Mar-2022,18100,PE,800,800,800,800,926.45,1,9.45,150,50,21-FEB-2022,
OPTIDX,NIFTY,10-Mar-2022,18150,PE,0,0,0,793.7,969.3,0,0,0,0,21-FEB-2022,
OPTIDX,NIFTY,10-Mar-2022,18200,PE,1022.4,1022.4,916.4,916.4,1012.8,2,19.16,50,0,21-FEB-2022,
OPTIDX,NIFTY,10-Mar-2022,18250,PE,0,0,0,852.95,1056.85,0,0,0,0,21-FEB-2022,
OPTIDX,NIFTY,10-Mar-2022,18300,PE,1150,1150,990,990,1101.45,3,29.08,100,50,21-FEB-2022,
OPTIDX,NIFTY,10-Mar-2022,18350,PE,0,0,0,914.55,1146.6,0,0,0,0,21-FEB-2022,
OPTIDX,NIFTY,10-Mar-2022,18400,PE,1242.4,1242.4,1242.4,1242.4,1192.15,1,9.82,50,50,21-FEB-2022,
OPTIDX,NIFTY,10-Mar-2022,18450,PE,0,0,0,978.45,1238.15,0,0,0,0,21-FEB-2022,
OPTIDX,NIFTY,10-Mar-2022,18500,PE,1174.45,1174.45,1174.45,1174.45,1284.6,1,9.83,50,50,21-FEB-2022,
OPTIDX,NIFTY,10-Mar-2022,18550,PE,0,0,0,1044.45,1331.35,0,0,0,0,21-FEB-2022,
OPTIDX,NIFTY,10-Mar-2022,18600,PE,1386.7,1442.15,1357.45,1357.45,1378.45,5,50,50,50,21-FEB-2022,
OPTIDX,NIFTY,10-Mar-2022,18650,PE,0,0,0,1112.65,1425.85,0,0,0,0,21-FEB-2022,
OPTIDX,NIFTY,10-Mar-2022,18700,PE,0,0,0,1418.05,1473.55,0,0,50,0,21-FEB-2022,
OPTIDX,NIFTY,10-Mar-2022,18750,PE,0,0,0,1182.85,1521.5,0,0,0,0,21-FEB-2022,
OPTIDX,NIFTY,10-Mar-2022,18800,PE,0,0,0,1218.7,1569.65,0,0,0,0,21-FEB-2022,
OPTIDX,NIFTY,10-Mar-2022,18850,PE,0,0,0,1255.05,1618,0,0,0,0,21-FEB-2022,
OPTIDX,NIFTY,10-Mar-2022,18900,PE,0,0,0,1291.85,1666.55,0,0,0,0,21-FEB-2022,
OPTIDX,NIFTY,10-Mar-2022,18950,PE,0,0,0,1330,1715.3,0,0,0,0,21-FEB-2022,
OPTIDX,NIFTY,10-Mar-2022,19000,PE,0,0,0,1626.5,1764.15,0,0,50,0,21-FEB-2022,
OPTIDX,NIFTY,10-Mar-2022,19050,PE,0,0,0,1406.05,1813.15,0,0,0,0,21-FEB-2022,
OPTIDX,NIFTY,10-Mar-2022,19100,PE,0,0,0,1443.95,1862.25,0,0,0,0,21-FEB-2022,
OPTIDX,NIFTY,10-Mar-2022,19150,PE,0,0,0,1483,1911.45,0,0,0,0,21-FEB-2022,
OPTIDX,NIFTY,10-Mar-2022,19200,PE,0,0,0,1522.45,1960.75,0,0,0,0,21-FEB-2022,
OPTIDX,NIFTY,10-Mar-2022,19250,PE,0,0,0,1562.3,2010.15,0,0,0,0,21-FEB-2022,
OPTIDX,NIFTY,10-Mar-2022,19300,PE,0,0,0,1543.45,2059.6,0,0,0,0,21-FEB-2022,
OPTIDX,NIFTY,10-Mar-2022,19350,PE,0,0,0,1432.5,2109.1,0,0,0,0,21-FEB-2022,
OPTIDX,NIFTY,10-Mar-2022,19400,PE,0,0,0,1471.8,2158.7,0,0,0,0,21-FEB-2022,
OPTIDX,NIFTY,10-Mar-2022,19450,PE,0,0,0,1511.45,2208.3,0,0,0,0,21-FEB-2022,
OPTIDX,NIFTY,10-Mar-2022,19500,PE,2371.8,2371.8,2371.8,2371.8,2257.95,1,10.93,50,50,21-FEB-2022,
OPTIDX,NIFTY,10-Mar-2022,19550,PE,0,0,0,1548.25,2307.65,0,0,0,0,21-FEB-2022,
OPTIDX,NIFTY,10-Mar-2022,19600,PE,0,0,0,1463.05,2357.4,0,0,0,0,21-FEB-2022,
OPTIDX,NIFTY,10-Mar-2022,19650,PE,0,0,0,1502.8,2407.15,0,0,0,0,21-FEB-2022,
OPTIDX,NIFTY,10-Mar-2022,19700,PE,0,0,0,1542.9,2456.9,0,0,0,0,21-FEB-2022,
OPTIDX,NIFTY,10-Mar-2022,19750,PE,0,0,0,1545.1,2506.7,0,0,0,0,21-FEB-2022,
OPTIDX,NIFTY,10-Mar-2022,19800,PE,0,0,0,1534.6,2556.5,0,0,0,0,21-FEB-2022,
OPTIDX,NIFTY,17-Mar-2022,15350,CE,0,0,0,1575.45,1904.1,0,0,0,0,21-FEB-2022,
OPTIDX,NIFTY,17-Mar-2022,15400,CE,0,0,0,1529.2,1855.35,0,0,0,0,21-FEB-2022,
OPTIDX,NIFTY,17-Mar-2022,15450,CE,0,0,0,1483.25,1806.75,0,0,0,0,21-FEB-2022,
OPTIDX,NIFTY,17-Mar-2022,15500,CE,0,0,0,1437.7,1758.35,0,0,0,0,21-FEB-2022,
OPTIDX,NIFTY,17-Mar-2022,15550,CE,0,0,0,1392.55,1710.15,0,0,0,0,21-FEB-2022,
OPTIDX,NIFTY,17-Mar-2022,15600,CE,0,0,0,1665.55,1662.2,0,0,0,0,21-FEB-2022,
OPTIDX,NIFTY,17-Mar-2022,15650,CE,0,0,0,1666.35,1614.45,0,0,0,0,21-FEB-2022,
OPTIDX,NIFTY,17-Mar-2022,15700,CE,0,0,0,1622.95,1567,0,0,0,0,21-FEB-2022,
OPTIDX,NIFTY,17-Mar-2022,15750,CE,0,0,0,1579.95,1519.8,0,0,0,0,21-FEB-2022,
OPTIDX,NIFTY,17-Mar-2022,15800,CE,0,0,0,1537.35,1472.95,0,0,0,0,21-FEB-2022,
OPTIDX,NIFTY,17-Mar-2022,15850,CE,0,0,0,1495.25,1426.45,0,0,0,0,21-FEB-2022,
OPTIDX,NIFTY,17-Mar-2022,15900,CE,0,0,0,1453.6,1380.35,0,0,0,0,21-FEB-2022,
OPTIDX,NIFTY,17-Mar-2022,15950,CE,0,0,0,1412.45,1334.6,0,0,0,0,21-FEB-2022,
OPTIDX,NIFTY,17-Mar-2022,16000,CE,0,0,0,1371.75,1289.3,0,0,0,0,21-FEB-2022,
OPTIDX,NIFTY,17-Mar-2022,16050,CE,0,0,0,1331.6,1244.5,0,0,0,0,21-FEB-2022,
OPTIDX,NIFTY,17-Mar-2022,16100,CE,0,0,0,1695.9,1200.2,0,0,0,0,21-FEB-2022,
OPTIDX,NIFTY,17-Mar-2022,16150,CE,0,0,0,1652.75,1156.4,0,0,0,0,21-FEB-2022,
OPTIDX,NIFTY,17-Mar-2022,16200,CE,0,0,0,1610.05,1113.2,0,0,0,0,21-FEB-2022,
OPTIDX,NIFTY,17-Mar-2022,16250,CE,0,0,0,1703.55,1070.6,0,0,0,0,21-FEB-2022,
OPTIDX,NIFTY,17-Mar-2022,16300,CE,0,0,0,1660.95,1028.65,0,0,0,0,21-FEB-2022,
OPTIDX,NIFTY,17-Mar-2022,16350,CE,0,0,0,1618.75,987.35,0,0,0,0,21-FEB-2022,
OPTIDX,NIFTY,17-Mar-2022,16400,CE,0,0,0,1577,946.75,0,0,0,0,21-FEB-2022,
OPTIDX,NIFTY,17-Mar-2022,16450,CE,0,0,0,1695.6,906.85,0,0,0,0,21-FEB-2022,
OPTIDX,NIFTY,17-Mar-2022,16500,CE,0,0,0,1653.4,867.75,0,0,0,0,21-FEB-2022,
OPTIDX,NIFTY,17-Mar-2022,16550,CE,0,0,0,1611.6,829.45,0,0,0,0,21-FEB-2022,
OPTIDX,NIFTY,17-Mar-2022,16600,CE,0,0,0,1724.6,792.6,0,0,0,0,21-FEB-2022,
OPTIDX,NIFTY,17-Mar-2022,16650,CE,0,0,0,1682.45,755.15,0,0,0,0,21-FEB-2022,
OPTIDX,NIFTY,17-Mar-2022,16700,CE,0,0,0,1640.7,719.45,0,0,0,0,21-FEB-2022,
OPTIDX,NIFTY,17-Mar-2022,16750,CE,0,0,0,1747.95,684.6,0,0,0,0,21-FEB-2022,
OPTIDX,NIFTY,17-Mar-2022,16800,CE,0,0,0,1706.5,650.7,0,0,0,0,21-FEB-2022,
OPTIDX,NIFTY,17-Mar-2022,16850,CE,0,0,0,1665.45,617.75,0,0,0,0,21-FEB-2022,
OPTIDX,NIFTY,17-Mar-2022,16900,CE,0,0,0,1624.85,585.75,0,0,0,0,21-FEB-2022,
OPTIDX,NIFTY,17-Mar-2022,16950,CE,0,0,0,1584.65,554.75,0,0,0,0,21-FEB-2022,
OPTIDX,NIFTY,17-Mar-2022,17000,CE,520.15,695.65,517.9,551.95,551.95,59,518.55,1500,1500,21-FEB-2022,
OPTIDX,NIFTY,17-Mar-2022,17050,CE,0,0,0,1505.65,495.7,0,0,0,0,21-FEB-2022,
OPTIDX,NIFTY,17-Mar-2022,17100,CE,450,553.9,450,501.3,501.3,8,70.35,400,400,21-FEB-2022,
OPTIDX,NIFTY,17-Mar-2022,17150,CE,0,0,0,1428.5,440.75,0,0,0,0,21-FEB-2022,
OPTIDX,NIFTY,17-Mar-2022,17200,CE,447.05,449.8,425,434.95,434.95,11,97,350,350,21-FEB-2022,
OPTIDX,NIFTY,17-Mar-2022,17250,CE,472.45,472.45,401.2,401.2,401.2,7,61.92,300,250,21-FEB-2022,
OPTIDX,NIFTY,17-Mar-2022,17300,CE,379.95,440,340.9,378.85,378.85,120,1061.79,2250,1600,21-FEB-2022,
OPTIDX,NIFTY,17-Mar-2022,17350,CE,0,0,0,1280.75,343,0,0,0,0,21-FEB-2022,
OPTIDX,NIFTY,17-Mar-2022,17400,CE,373.75,375,328.05,338.25,321.1,44,390.8,1550,1550,21-FEB-2022,
OPTIDX,NIFTY,17-Mar-2022,17450,CE,351,351,351,351,300.2,1,8.9,50,50,21-FEB-2022,
OPTIDX,NIFTY,17-Mar-2022,17500,CE,296,330,252,278.2,278.2,176,1564.87,5900,1850,21-FEB-2022,
OPTIDX,NIFTY,17-Mar-2022,17550,CE,0,0,0,1140.15,261.3,0,0,0,0,21-FEB-2022,
OPTIDX,NIFTY,17-Mar-2022,17600,CE,0,0,0,1106.55,243.3,0,0,0,0,21-FEB-2022,
OPTIDX,NIFTY,17-Mar-2022,17650,CE,0,0,0,1073.55,226.2,0,0,0,0,21-FEB-2022,
OPTIDX,NIFTY,17-Mar-2022,17700,CE,231.95,233.35,204,208,210.05,11,98.53,1050,200,21-FEB-2022,
OPTIDX,NIFTY,17-Mar-2022,17750,CE,0,0,0,1009.3,194.75,0,0,0,0,21-FEB-2022,
OPTIDX,NIFTY,17-Mar-2022,17800,CE,115.75,115.75,115.75,115.75,115.75,1,8.95,50,50,21-FEB-2022,
OPTIDX,NIFTY,17-Mar-2022,17850,CE,0,0,0,947.35,166.75,0,0,0,0,21-FEB-2022,
OPTIDX,NIFTY,17-Mar-2022,17900,CE,137.5,188.8,122.1,122.1,122.1,9,81.22,1000,50,21-FEB-2022,
OPTIDX,NIFTY,17-Mar-2022,17950,CE,0,0,0,887.8,142.1,0,0,0,0,21-FEB-2022,
OPTIDX,NIFTY,17-Mar-2022,18000,CE,105.25,132,91,99.3,99.3,505,4572.75,13400,9550,21-FEB-2022,
OPTIDX,NIFTY,17-Mar-2022,18050,CE,120.5,120.5,120.5,120.5,120.35,1,9.08,650,0,21-FEB-2022,
OPTIDX,NIFTY,17-Mar-2022,18100,CE,114.5,117.35,72,75,75,15,136.39,300,300,21-FEB-2022,
OPTIDX,NIFTY,17-Mar-2022,18150,CE,0,0,0,775.85,101.3,0,0,0,0,21-FEB-2022,
OPTIDX,NIFTY,17-Mar-2022,18200,CE,73.15,76.9,54.7,54.7,54.7,6,54.8,150,150,21-FEB-2022,
OPTIDX,NIFTY,17-Mar-2022,18250,CE,41.85,71.7,41.85,71.7,84.8,3,27.45,100,100,21-FEB-2022,
OPTIDX,NIFTY,17-Mar-2022,18300,CE,52.65,58.3,41.95,49.5,49.5,53,486.28,1450,1250,21-FEB-2022,
OPTIDX,NIFTY,17-Mar-2022,18350,CE,0,0,0,673.45,70.6,0,0,0,0,21-FEB-2022,
OPTIDX,NIFTY,17-Mar-2022,18400,CE,44,44,26.35,33.65,33.65,95,875.62,4950,1800,21-FEB-2022,
OPTIDX,NIFTY,17-Mar-2022,18450,CE,0,0,0,625.85,58.4,0,0,0,0,21-FEB-2022,
OPTIDX,NIFTY,17-Mar-2022,18500,CE,35.3,78.9,25.1,26.5,26.5,291,2696.11,6000,2800,21-FEB-2022,
OPTIDX,NIFTY,17-Mar-2022,18550,CE,0,0,0,580.7,48.05,0,0,0,0,21-FEB-2022,
OPTIDX,NIFTY,17-Mar-2022,18600,CE,20,23.3,18.5,21,43.5,12,111.73,450,250,21-FEB-2022,
OPTIDX,NIFTY,17-Mar-2022,18650,CE,0,0,0,537.85,39.3,0,0,0,0,21-FEB-2022,
OPTIDX,NIFTY,17-Mar-2022,18700,CE,0,0,0,517.3,35.5,0,0,0,0,21-FEB-2022,
OPTIDX,NIFTY,17-Mar-2022,18750,CE,0,0,0,497.35,32,0,0,0,0,21-FEB-2022,
OPTIDX,NIFTY,17-Mar-2022,18800,CE,0,0,0,477.9,28.8,0,0,0,0,21-FEB-2022,
OPTIDX,NIFTY,17-Mar-2022,18850,CE,0,0,0,459.05,25.85,0,0,0,0,21-FEB-2022,
OPTIDX,NIFTY,17-Mar-2022,18900,CE,0,0,0,440.8,23.2,0,0,0,0,21-FEB-2022,
OPTIDX,NIFTY,17-Mar-2022,18950,CE,0,0,0,423.05,20.8,0,0,0,0,21-FEB-2022,
OPTIDX,NIFTY,17-Mar-2022,19000,CE,12.5,12.5,9.1,10.75,10.75,77,731.92,4900,2050,21-FEB-2022,
OPTIDX,NIFTY,17-Mar-2022,19050,CE,0,0,0,389.15,16.6,0,0,0,0,21-FEB-2022,
OPTIDX,NIFTY,17-Mar-2022,19100,CE,0,0,0,373,14.85,0,0,0,0,21-FEB-2022,
OPTIDX,NIFTY,17-Mar-2022,19150,CE,0,0,0,357.35,13.2,0,0,0,0,21-FEB-2022,
OPTIDX,NIFTY,17-Mar-2022,19200,CE,0,0,0,342.25,11.75,0,0,0,0,21-FEB-2022,
OPTIDX,NIFTY,17-Mar-2022,19250,CE,0,0,0,327.6,10.45,0,0,0,0,21-FEB-2022,
OPTIDX,NIFTY,17-Mar-2022,19300,CE,0,0,0,313.5,9.25,0,0,0,0,21-FEB-2022,
OPTIDX,NIFTY,17-Mar-2022,19350,CE,0,0,0,299.8,8.2,0,0,0,0,21-FEB-2022,
OPTIDX,NIFTY,17-Mar-2022,19400,CE,0,0,0,286.65,7.25,0,0,0,0,21-FEB-2022,
OPTIDX,NIFTY,17-Mar-2022,19450,CE,0,0,0,274.75,6.4,0,0,0,0,21-FEB-2022,
OPTIDX,NIFTY,17-Mar-2022,19500,CE,0,0,0,100,5.65,0,0,0,0,21-FEB-2022,
OPTIDX,NIFTY,17-Mar-2022,19550,CE,0,0,0,250.8,5,0,0,0,0,21-FEB-2022,
OPTIDX,NIFTY,17-Mar-2022,19600,CE,0,0,0,238.75,4.4,0,0,0,0,21-FEB-2022,
OPTIDX,NIFTY,17-Mar-2022,19650,CE,0,0,0,227.8,3.85,0,0,0,0,21-FEB-2022,
OPTIDX,NIFTY,17-Mar-2022,19700,CE,0,0,0,217.2,3.4,0,0,0,0,21-FEB-2022,
OPTIDX,NIFTY,17-Mar-2022,19750,CE,0,0,0,290,2.95,0,0,0,0,21-FEB-2022,
OPTIDX,NIFTY,17-Mar-2022,19800,CE,0,0,0,280,2.6,0,0,0,0,21-FEB-2022,
OPTIDX,NIFTY,17-Mar-2022,15350,PE,0,0,0,27.9,6.6,0,0,0,0,21-FEB-2022,
OPTIDX,NIFTY,17-Mar-2022,15400,PE,0,0,0,31.4,7.75,0,0,0,0,21-FEB-2022,
OPTIDX,NIFTY,17-Mar-2022,15450,PE,0,0,0,35.3,9.05,0,0,0,0,21-FEB-2022,
OPTIDX,NIFTY,17-Mar-2022,15500,PE,22.5,57,22.5,43.35,43.35,4,31.07,350,100,21-FEB-2022,
OPTIDX,NIFTY,17-Mar-2022,15550,PE,0,0,0,44.25,12.15,0,0,0,0,21-FEB-2022,
OPTIDX,NIFTY,17-Mar-2022,15600,PE,10,57,10,53.5,53.5,16,125.14,200,150,21-FEB-2022,
OPTIDX,NIFTY,17-Mar-2022,15650,PE,0,0,0,73.85,16.2,0,0,0,0,21-FEB-2022,
OPTIDX,NIFTY,17-Mar-2022,15700,PE,0,0,0,80.15,18.6,0,0,0,0,21-FEB-2022,
OPTIDX,NIFTY,17-Mar-2022,15750,PE,0,0,0,86.85,21.25,0,0,0,0,21-FEB-2022,
OPTIDX,NIFTY,17-Mar-2022,15800,PE,0,0,0,94,24.3,0,0,0,0,21-FEB-2022,
OPTIDX,NIFTY,17-Mar-2022,15850,PE,0,0,0,101.6,27.65,0,0,0,0,21-FEB-2022,
OPTIDX,NIFTY,17-Mar-2022,15900,PE,0,0,0,109.65,31.4,0,0,0,0,21-FEB-2022,
OPTIDX,NIFTY,17-Mar-2022,15950,PE,0,0,0,118.2,35.55,0,0,0,0,21-FEB-2022,
OPTIDX,NIFTY,17-Mar-2022,16000,PE,99.4,115,71.85,90.3,90.3,280,2252.56,11450,2900,21-FEB-2022,
OPTIDX,NIFTY,17-Mar-2022,16050,PE,0,0,0,136.75,45.2,0,0,0,0,21-FEB-2022,
OPTIDX,NIFTY,17-Mar-2022,16100,PE,0,0,0,81.1,50.75,0,0,0,0,21-FEB-2022,
OPTIDX,NIFTY,17-Mar-2022,16150,PE,0,0,0,87.65,56.8,0,0,0,0,21-FEB-2022,
OPTIDX,NIFTY,17-Mar-2022,16200,PE,67.7,98.15,67.7,98.15,63.5,2,16.28,100,50,21-FEB-2022,
OPTIDX,NIFTY,17-Mar-2022,16250,PE,0,0,0,92.4,70.75,0,0,0,0,21-FEB-2022,
OPTIDX,NIFTY,17-Mar-2022,16300,PE,199.25,199.25,105,120,78.65,13,106.8,450,100,21-FEB-2022,
OPTIDX,NIFTY,17-Mar-2022,16350,PE,50.4,113.4,50.4,113.4,87.2,4,32.86,100,100,21-FEB-2022,
OPTIDX,NIFTY,17-Mar-2022,16400,PE,0,0,0,114.9,96.45,0,0,0,0,21-FEB-2022,
OPTIDX,NIFTY,17-Mar-2022,16450,PE,0,0,0,100.95,106.45,0,0,0,0,21-FEB-2022,
OPTIDX,NIFTY,17-Mar-2022,16500,PE,175,200.05,144.65,171.2,171.2,203,1691.24,4400,2250,21-FEB-2022,
OPTIDX,NIFTY,17-Mar-2022,16550,PE,0,0,0,116.3,128.8,0,0,0,0,21-FEB-2022,
OPTIDX,NIFTY,17-Mar-2022,16600,PE,173.25,188.3,173.25,185.65,185.65,7,58.74,1050,200,21-FEB-2022,
OPTIDX,NIFTY,17-Mar-2022,16650,PE,0,0,0,110.75,154.25,0,0,0,0,21-FEB-2022,
OPTIDX,NIFTY,17-Mar-2022,16700,PE,0,0,0,118.65,168.35,0,0,0,0,21-FEB-2022,
OPTIDX,NIFTY,17-Mar-2022,16750,PE,0,0,0,122.3,183.4,0,0,0,0,21-FEB-2022,
OPTIDX,NIFTY,17-Mar-2022,16800,PE,251,285,223,250.35,250.35,55,469.05,1500,650,21-FEB-2022,
OPTIDX,NIFTY,17-Mar-2022,16850,PE,0,0,0,139.1,216.25,0,0,0,0,21-FEB-2022,
OPTIDX,NIFTY,17-Mar-2022,16900,PE,287.1,334.95,238.05,280.1,280.1,35,300.54,600,200,21-FEB-2022,
OPTIDX,NIFTY,17-Mar-2022,16950,PE,0,0,0,157.6,253,0,0,0,0,21-FEB-2022,
OPTIDX,NIFTY,17-Mar-2022,17000,PE,318.45,364.05,266.65,315.05,315.05,157,1359.24,6000,2000,21-FEB-2022,
OPTIDX,NIFTY,17-Mar-2022,17050,PE,0,0,0,177.9,293.75,0,0,0,0,21-FEB-2022,
OPTIDX,NIFTY,17-Mar-2022,17100,PE,370.05,386,304.85,347,347,31,270.34,1400,500,21-FEB-2022,
OPTIDX,NIFTY,17-Mar-2022,17150,PE,0,0,0,200.05,338.5,0,0,0,0,21-FEB-2022,
OPTIDX,NIFTY,17-Mar-2022,17200,PE,405.8,439.35,339.3,398.8,398.8,33,290.25,950,950,21-FEB-2022,
OPTIDX,NIFTY,17-Mar-2022,17250,PE,420.9,471.65,300.05,353.8,387.3,11,97.06,300,100,21-FEB-2022,
OPTIDX,NIFTY,17-Mar-2022,17300,PE,455.85,467.05,368.5,448.55,448.55,462,4097.46,20400,20400,21-FEB-2022,
OPTIDX,NIFTY,17-Mar-2022,17350,PE,0,0,0,250.9,440.2,0,0,0,0,21-FEB-2022,
OPTIDX,NIFTY,17-Mar-2022,17400,PE,439.9,535,425.6,494.5,494.5,36,321.99,1800,700,21-FEB-2022,
OPTIDX,NIFTY,17-Mar-2022,17450,PE,0,0,0,278.4,497.15,0,0,0,0,21-FEB-2022,
OPTIDX,NIFTY,17-Mar-2022,17500,PE,582.55,582.55,447.55,533.2,533.2,31,279.16,500,250,21-FEB-2022,
OPTIDX,NIFTY,17-Mar-2022,17550,PE,0,0,0,308.9,558,0,0,0,0,21-FEB-2022,
OPTIDX,NIFTY,17-Mar-2022,17600,PE,0,0,0,313.7,589.85,0,0,100,0,21-FEB-2022,
OPTIDX,NIFTY,17-Mar-2022,17650,PE,0,0,0,341.6,622.65,0,0,0,0,21-FEB-2022,
OPTIDX,NIFTY,17-Mar-2022,17700,PE,0,0,0,358.85,656.3,0,0,0,0,21-FEB-2022,
OPTIDX,NIFTY,17-Mar-2022,17750,PE,0,0,0,376.65,690.9,0,0,0,0,21-FEB-2022,
OPTIDX,NIFTY,17-Mar-2022,17800,PE,0,0,0,395,726.35,0,0,0,0,21-FEB-2022,
OPTIDX,NIFTY,17-Mar-2022,17850,PE,0,0,0,414,762.6,0,0,0,0,21-FEB-2022,
OPTIDX,NIFTY,17-Mar-2022,17900,PE,0,0,0,433.55,800.45,0,0,0,0,21-FEB-2022,
OPTIDX,NIFTY,17-Mar-2022,17950,PE,0,0,0,453.7,837.75,0,0,0,0,21-FEB-2022,
OPTIDX,NIFTY,17-Mar-2022,18000,PE,0,0,0,474.45,876.35,0,0,0,0,21-FEB-2022,
OPTIDX,NIFTY,17-Mar-2022,18050,PE,0,0,0,495.85,915.7,0,0,0,0,21-FEB-2022,
OPTIDX,NIFTY,17-Mar-2022,18100,PE,0,0,0,517.8,955.7,0,0,0,0,21-FEB-2022,
OPTIDX,NIFTY,17-Mar-2022,18150,PE,0,0,0,540.35,996.4,0,0,0,0,21-FEB-2022,
OPTIDX,NIFTY,17-Mar-2022,18200,PE,0,0,0,563.5,1037.7,0,0,0,0,21-FEB-2022,
OPTIDX,NIFTY,17-Mar-2022,18250,PE,0,0,0,587.3,1079.65,0,0,0,0,21-FEB-2022,
OPTIDX,NIFTY,17-Mar-2022,18300,PE,0,0,0,611.65,1122.1,0,0,0,0,21-FEB-2022,
OPTIDX,NIFTY,17-Mar-2022,18350,PE,0,0,0,636.55,1165.15,0,0,0,0,21-FEB-2022,
OPTIDX,NIFTY,17-Mar-2022,18400,PE,0,0,0,662.1,1208.7,0,0,0,0,21-FEB-2022,
OPTIDX,NIFTY,17-Mar-2022,18450,PE,0,0,0,688.3,1252.7,0,0,0,0,21-FEB-2022,
OPTIDX,NIFTY,17-Mar-2022,18500,PE,0,0,0,715.05,1297.2,0,0,0,0,21-FEB-2022,
OPTIDX,NIFTY,17-Mar-2022,18550,PE,0,0,0,742.4,1342.1,0,0,0,0,21-FEB-2022,
OPTIDX,NIFTY,17-Mar-2022,18600,PE,0,0,0,770.35,1387.4,0,0,0,0,21-FEB-2022,
OPTIDX,NIFTY,17-Mar-2022,18650,PE,0,0,0,798.85,1433.05,0,0,0,0,21-FEB-2022,
OPTIDX,NIFTY,17-Mar-2022,18700,PE,0,0,0,827.95,1479.1,0,0,0,0,21-FEB-2022,
OPTIDX,NIFTY,17-Mar-2022,18750,PE,0,0,0,857.65,1525.45,0,0,0,0,21-FEB-2022,
OPTIDX,NIFTY,17-Mar-2022,18800,PE,0,0,0,887.85,1572.15,0,0,0,0,21-FEB-2022,
OPTIDX,NIFTY,17-Mar-2022,18850,PE,0,0,0,918.65,1619.1,0,0,0,0,21-FEB-2022,
OPTIDX,NIFTY,17-Mar-2022,18900,PE,0,0,0,950,1666.3,0,0,0,0,21-FEB-2022,
OPTIDX,NIFTY,17-Mar-2022,18950,PE,0,0,0,981.9,1713.75,0,0,0,0,21-FEB-2022,
OPTIDX,NIFTY,17-Mar-2022,19000,PE,0,0,0,1014.35,1761.4,0,0,0,0,21-FEB-2022,
OPTIDX,NIFTY,17-Mar-2022,19050,PE,0,0,0,1047.35,1809.3,0,0,0,0,21-FEB-2022,
OPTIDX,NIFTY,17-Mar-2022,19100,PE,0,0,0,1080.85,1857.4,0,0,0,0,21-FEB-2022,
OPTIDX,NIFTY,17-Mar-2022,19150,PE,0,0,0,1114.85,1905.65,0,0,0,0,21-FEB-2022,
OPTIDX,NIFTY,17-Mar-2022,19200,PE,0,0,0,1149.4,1954.05,0,0,0,0,21-FEB-2022,
OPTIDX,NIFTY,17-Mar-2022,19250,PE,0,0,0,1184.4,2002.6,0,0,0,0,21-FEB-2022,
OPTIDX,NIFTY,17-Mar-2022,19300,PE,0,0,0,1219.9,2051.3,0,0,0,0,21-FEB-2022,
OPTIDX,NIFTY,17-Mar-2022,19350,PE,0,0,0,1255.9,2100.1,0,0,0,0,21-FEB-2022,
OPTIDX,NIFTY,17-Mar-2022,19400,PE,0,0,0,1292.35,2149,0,0,0,0,21-FEB-2022,
OPTIDX,NIFTY,17-Mar-2022,19450,PE,0,0,0,1330.1,2198.05,0,0,0,0,21-FEB-2022,
OPTIDX,NIFTY,17-Mar-2022,19500,PE,0,0,0,1367.55,2247.15,0,0,0,0,21-FEB-2022,
OPTIDX,NIFTY,17-Mar-2022,19550,PE,0,0,0,1405.45,2296.35,0,0,0,0,21-FEB-2022,
OPTIDX,NIFTY,17-Mar-2022,19600,PE,0,0,0,1443.05,2345.6,0,0,0,0,21-FEB-2022,
OPTIDX,NIFTY,17-Mar-2022,19650,PE,0,0,0,1481.75,2394.95,0,0,0,0,21-FEB-2022,
OPTIDX,NIFTY,17-Mar-2022,19700,PE,0,0,0,1520.85,2444.35,0,0,0,0,21-FEB-2022,
OPTIDX,NIFTY,17-Mar-2022,19750,PE,0,0,0,1560.35,2493.8,0,0,0,0,21-FEB-2022,
OPTIDX,NIFTY,17-Mar-2022,19800,PE,0,0,0,1549.75,2543.3,0,0,0,0,21-FEB-2022,
OPTIDX,NIFTY,24-Mar-2022,15350,CE,0,0,0,1601.85,1925.45,0,0,0,0,21-FEB-2022,
OPTIDX,NIFTY,24-Mar-2022,15400,CE,0,0,0,1556.6,1877.55,0,0,0,0,21-FEB-2022,
OPTIDX,NIFTY,24-Mar-2022,15450,CE,0,0,0,1511.8,1829.85,0,0,0,0,21-FEB-2022,
OPTIDX,NIFTY,24-Mar-2022,15500,CE,0,0,0,1467.35,1782.4,0,0,0,0,21-FEB-2022,
OPTIDX,NIFTY,24-Mar-2022,15550,CE,0,0,0,1423.35,1735.2,0,0,0,0,21-FEB-2022,
OPTIDX,NIFTY,24-Mar-2022,15600,CE,0,0,0,1693.85,1688.3,0,0,0,0,21-FEB-2022,
OPTIDX,NIFTY,24-Mar-2022,15650,CE,0,0,0,1694.55,1641.65,0,0,0,0,21-FEB-2022,
OPTIDX,NIFTY,24-Mar-2022,15700,CE,0,0,0,1651.9,1595.35,0,0,0,0,21-FEB-2022,
OPTIDX,NIFTY,24-Mar-2022,15750,CE,0,0,0,1609.65,1549.4,0,0,0,0,21-FEB-2022,
OPTIDX,NIFTY,24-Mar-2022,15800,CE,0,0,0,1567.8,1503.85,0,0,0,0,21-FEB-2022,
OPTIDX,NIFTY,24-Mar-2022,15850,CE,0,0,0,1526.4,1458.65,0,0,0,0,21-FEB-2022,
OPTIDX,NIFTY,24-Mar-2022,15900,CE,0,0,0,1485.5,1413.85,0,0,0,0,21-FEB-2022,
OPTIDX,NIFTY,24-Mar-2022,15950,CE,0,0,0,1445.05,1369.55,0,0,0,0,21-FEB-2022,
OPTIDX,NIFTY,24-Mar-2022,16000,CE,1405.1,1405.1,1405.1,1405.1,1325.7,1,8.7,50,50,21-FEB-2022,
OPTIDX,NIFTY,24-Mar-2022,16050,CE,0,0,0,1365.65,1282.3,0,0,0,0,21-FEB-2022,
OPTIDX,NIFTY,24-Mar-2022,16100,CE,0,0,0,1725.2,1239.45,0,0,0,0,21-FEB-2022,
OPTIDX,NIFTY,24-Mar-2022,16150,CE,0,0,0,1682.8,1197.2,0,0,0,0,21-FEB-2022,
OPTIDX,NIFTY,24-Mar-2022,16200,CE,0,0,0,1640.85,1155.45,0,0,0,0,21-FEB-2022,
OPTIDX,NIFTY,24-Mar-2022,16250,CE,0,0,0,1733.45,1114.35,0,0,0,0,21-FEB-2022,
OPTIDX,NIFTY,24-Mar-2022,16300,CE,0,0,0,1691.55,1073.85,0,0,0,0,21-FEB-2022,
OPTIDX,NIFTY,24-Mar-2022,16350,CE,0,0,0,1650.05,1034,0,0,0,0,21-FEB-2022,
OPTIDX,NIFTY,24-Mar-2022,16400,CE,0,0,0,1609,994.8,0,0,0,0,21-FEB-2022,
OPTIDX,NIFTY,24-Mar-2022,16450,CE,0,0,0,1568.35,956.35,0,0,0,0,21-FEB-2022,
OPTIDX,NIFTY,24-Mar-2022,16500,CE,0,0,0,1320,918.6,0,0,0,0,21-FEB-2022,
OPTIDX,NIFTY,24-Mar-2022,16550,CE,0,0,0,1488.45,882.15,0,0,0,0,21-FEB-2022,
OPTIDX,NIFTY,24-Mar-2022,16600,CE,0,0,0,1449.25,845.15,0,0,0,0,21-FEB-2022,
OPTIDX,NIFTY,24-Mar-2022,16650,CE,0,0,0,1410.5,809.7,0,0,0,0,21-FEB-2022,
OPTIDX,NIFTY,24-Mar-2022,16700,CE,0,0,0,1372.2,775.05,0,0,0,0,21-FEB-2022,
OPTIDX,NIFTY,24-Mar-2022,16750,CE,0,0,0,1334.5,741.2,0,0,0,0,21-FEB-2022,
OPTIDX,NIFTY,24-Mar-2022,16800,CE,0,0,0,1297.9,708.25,0,0,0,0,21-FEB-2022,
OPTIDX,NIFTY,24-Mar-2022,16850,CE,0,0,0,1261.15,676.1,0,0,0,0,21-FEB-2022,
OPTIDX,NIFTY,24-Mar-2022,16900,CE,0,0,0,1224.9,644.8,0,0,0,0,21-FEB-2022,
OPTIDX,NIFTY,24-Mar-2022,16950,CE,0,0,0,1188.55,614.4,0,0,0,0,21-FEB-2022,
OPTIDX,NIFTY,24-Mar-2022,17000,CE,597.3,667.05,523.1,578.1,578.1,108,949.98,1350,100,21-FEB-2022,
OPTIDX,NIFTY,24-Mar-2022,17050,CE,0,0,0,1119.05,556.25,0,0,0,0,21-FEB-2022,
OPTIDX,NIFTY,24-Mar-2022,17100,CE,536.5,600,466.05,513.6,513.6,128,1128.45,2300,150,21-FEB-2022,
OPTIDX,NIFTY,24-Mar-2022,17150,CE,532.4,532.4,452.6,469.15,501.65,3,26.45,100,50,21-FEB-2022,
OPTIDX,NIFTY,24-Mar-2022,17200,CE,475.6,520.85,424,456.8,456.8,125,1103.59,3200,2650,21-FEB-2022,
OPTIDX,NIFTY,24-Mar-2022,17250,CE,0,0,0,987.05,450.6,0,0,0,0,21-FEB-2022,
OPTIDX,NIFTY,24-Mar-2022,17300,CE,411.1,474.95,369,403.6,403.6,175,1550.8,4050,1050,21-FEB-2022,
OPTIDX,NIFTY,24-Mar-2022,17350,CE,0,0,0,924.65,403.2,0,0,0,0,21-FEB-2022,
OPTIDX,NIFTY,24-Mar-2022,17400,CE,359.05,423,320.1,353.05,353.05,109,968.53,3550,950,21-FEB-2022,
OPTIDX,NIFTY,24-Mar-2022,17450,CE,369.55,389.15,36.1,378.6,359.3,42,372.92,750,500,21-FEB-2022,
OPTIDX,NIFTY,24-Mar-2022,17500,CE,306.15,362.5,271.85,304.95,304.95,359,3196.99,12000,550,21-FEB-2022,
OPTIDX,NIFTY,24-Mar-2022,17550,CE,0,0,0,807.2,318.9,0,0,0,0,21-FEB-2022,
OPTIDX,NIFTY,24-Mar-2022,17600,CE,259,304.7,259,260.4,300,28,250.19,3850,0,21-FEB-2022,
OPTIDX,NIFTY,24-Mar-2022,17650,CE,0,0,0,752.2,281.9,0,0,0,0,21-FEB-2022,
OPTIDX,NIFTY,24-Mar-2022,17700,CE,223.5,260.3,201.2,231.65,264.6,18,161.39,1600,-100,21-FEB-2022,
OPTIDX,NIFTY,24-Mar-2022,17750,CE,0,0,0,699.7,248.1,0,0,0,0,21-FEB-2022,
OPTIDX,NIFTY,24-Mar-2022,17800,CE,179.75,220,173.7,182.4,182.4,63,566.82,2500,800,21-FEB-2022,
OPTIDX,NIFTY,24-Mar-2022,17850,CE,0,0,0,192.05,217.5,0,0,0,0,21-FEB-2022,
OPTIDX,NIFTY,24-Mar-2022,17900,CE,153,184.2,153,167.7,203.3,14,126.39,800,500,21-FEB-2022,
OPTIDX,NIFTY,24-Mar-2022,17950,CE,0,0,0,602.1,189.85,0,0,0,0,21-FEB-2022,
OPTIDX,NIFTY,24-Mar-2022,18000,CE,133.4,158.5,113.2,128.4,128.4,444,4025.27,17800,-300,21-FEB-2022,
OPTIDX,NIFTY,24-Mar-2022,18050,CE,0,0,0,151.45,165.9,0,0,450,0,21-FEB-2022,
OPTIDX,NIFTY,24-Mar-2022,18100,CE,55,119.9,55,95.2,95.2,8,72.77,650,300,21-FEB-2022,
OPTIDX,NIFTY,24-Mar-2022,18150,CE,0,0,0,514.4,143.05,0,0,0,0,21-FEB-2022,
OPTIDX,NIFTY,24-Mar-2022,18200,CE,100.75,100.95,80,97.95,97.95,12,109.76,1200,250,21-FEB-2022,
OPTIDX,NIFTY,24-Mar-2022,18250,CE,0,0,0,474.15,123.3,0,0,0,0,21-FEB-2022,
OPTIDX,NIFTY,24-Mar-2022,18300,CE,51,60,40,49.3,49.3,6,55.04,950,250,21-FEB-2022,
OPTIDX,NIFTY,24-Mar-2022,18350,CE,0,0,0,436.25,105.85,0,0,0,0,21-FEB-2022,
OPTIDX,NIFTY,24-Mar-2022,18400,CE,50,128.9,50,50,97.9,14,129.23,450,350,21-FEB-2022,
OPTIDX,NIFTY,24-Mar-2022,18450,CE,0,0,0,130,90.5,0,0,100,0,21-FEB-2022,
OPTIDX,NIFTY,24-Mar-2022,18500,CE,41.3,52.4,38,41.25,41.25,145,1344.4,8000,950,21-FEB-2022,
OPTIDX,NIFTY,24-Mar-2022,18550,CE,0,0,0,367.25,77,0,0,0,0,21-FEB-2022,
OPTIDX,NIFTY,24-Mar-2022,18600,CE,0,0,0,351.4,70.95,0,0,0,0,21-FEB-2022,
OPTIDX,NIFTY,24-Mar-2022,18650,CE,0,0,0,336.05,65.25,0,0,0,0,21-FEB-2022,
OPTIDX,NIFTY,24-Mar-2022,18700,CE,0,0,0,321.2,60,0,0,0,0,21-FEB-2022,
OPTIDX,NIFTY,24-Mar-2022,18750,CE,0,0,0,306.9,55.05,0,0,0,0,21-FEB-2022,
OPTIDX,NIFTY,24-Mar-2022,18800,CE,0,0,0,293.1,50.5,0,0,0,0,21-FEB-2022,
OPTIDX,NIFTY,24-Mar-2022,18850,CE,0,0,0,279.75,46.25,0,0,0,0,21-FEB-2022,
OPTIDX,NIFTY,24-Mar-2022,18900,CE,13.55,22,13.15,16.45,42.35,73,690.48,650,-1300,21-FEB-2022,
OPTIDX,NIFTY,24-Mar-2022,18950,CE,0,0,0,94.1,38.7,0,0,50,0,21-FEB-2022,
OPTIDX,NIFTY,24-Mar-2022,19000,CE,16.75,17.35,14,15.15,15.15,274,2605.11,22450,1450,21-FEB-2022,
OPTIDX,NIFTY,24-Mar-2022,19050,CE,0,0,0,232.2,32.25,0,0,0,0,21-FEB-2022,
OPTIDX,NIFTY,24-Mar-2022,19100,CE,0,0,0,220.5,29.4,0,0,0,0,21-FEB-2022,
OPTIDX,NIFTY,24-Mar-2022,19150,CE,0,0,0,209.9,26.75,0,0,0,0,21-FEB-2022,
OPTIDX,NIFTY,24-Mar-2022,19200,CE,0,0,0,199.75,24.35,0,0,0,0,21-FEB-2022,
OPTIDX,NIFTY,24-Mar-2022,19250,CE,0,0,0,190,22.1,0,0,0,0,21-FEB-2022,
OPTIDX,NIFTY,24-Mar-2022,19300,CE,0,0,0,135.5,20.05,0,0,0,0,21-FEB-2022,
OPTIDX,NIFTY,24-Mar-2022,15350,PE,0,0,0,41.9,13.9,0,0,0,0,21-FEB-2022,
OPTIDX,NIFTY,24-Mar-2022,15400,PE,0,0,0,46.45,15.8,0,0,0,0,21-FEB-2022,
OPTIDX,NIFTY,24-Mar-2022,15450,PE,0,0,0,51.4,17.95,0,0,0,0,21-FEB-2022,
OPTIDX,NIFTY,24-Mar-2022,15500,PE,50,50,50,50,20.3,2,15.55,50,50,21-FEB-2022,
OPTIDX,NIFTY,24-Mar-2022,15550,PE,0,0,0,62.55,22.9,0,0,0,0,21-FEB-2022,
OPTIDX,NIFTY,24-Mar-2022,15600,PE,0,0,0,83.5,25.8,0,0,0,0,21-FEB-2022,
OPTIDX,NIFTY,24-Mar-2022,15650,PE,0,0,0,89.55,29,0,0,0,0,21-FEB-2022,
OPTIDX,NIFTY,24-Mar-2022,15700,PE,120,120,41.55,50.15,32.55,4,31.56,300,50,21-FEB-2022,
OPTIDX,NIFTY,24-Mar-2022,15750,PE,0,0,0,103.95,36.4,0,0,0,0,21-FEB-2022,
OPTIDX,NIFTY,24-Mar-2022,15800,PE,0,0,0,111.8,40.65,0,0,0,0,21-FEB-2022,
OPTIDX,NIFTY,24-Mar-2022,15850,PE,0,0,0,120.1,45.3,0,0,0,0,21-FEB-2022,
OPTIDX,NIFTY,24-Mar-2022,15900,PE,0,0,0,128.8,50.35,0,0,0,0,21-FEB-2022,
OPTIDX,NIFTY,24-Mar-2022,15950,PE,0,0,0,138.05,55.85,0,0,0,0,21-FEB-2022,
OPTIDX,NIFTY,24-Mar-2022,16000,PE,107.5,129.45,89.55,105,105,271,2182.27,12100,1850,21-FEB-2022,
OPTIDX,NIFTY,24-Mar-2022,16050,PE,0,0,0,157.95,68.25,0,0,0,0,21-FEB-2022,
OPTIDX,NIFTY,24-Mar-2022,16100,PE,0,0,0,97.55,75.2,0,0,0,0,21-FEB-2022,
OPTIDX,NIFTY,24-Mar-2022,16150,PE,0,0,0,104.8,82.75,0,0,0,0,21-FEB-2022,
OPTIDX,NIFTY,24-Mar-2022,16200,PE,99,130,99,129,90.85,75,611.8,4600,3100,21-FEB-2022,
OPTIDX,NIFTY,24-Mar-2022,16250,PE,0,0,0,21.1,99.55,0,0,50,0,21-FEB-2022,
OPTIDX,NIFTY,24-Mar-2022,16300,PE,150,150,80.4,150,108.85,5,41.08,350,50,21-FEB-2022,
OPTIDX,NIFTY,24-Mar-2022,16350,PE,0,0,0,125.25,118.85,0,0,0,0,21-FEB-2022,
OPTIDX,NIFTY,24-Mar-2022,16400,PE,0,0,0,133.8,129.5,0,0,0,0,21-FEB-2022,
OPTIDX,NIFTY,24-Mar-2022,16450,PE,0,0,0,142.8,140.85,0,0,0,0,21-FEB-2022,
OPTIDX,NIFTY,24-Mar-2022,16500,PE,199.6,228,164.5,190.05,190.05,237,1978.34,15350,2300,21-FEB-2022,
OPTIDX,NIFTY,24-Mar-2022,16550,PE,0,0,0,162.2,166.3,0,0,0,0,21-FEB-2022,
OPTIDX,NIFTY,24-Mar-2022,16600,PE,258.9,258.9,207.2,218.8,218.8,14,117.72,150,50,21-FEB-2022,
OPTIDX,NIFTY,24-Mar-2022,16650,PE,0,0,0,351.95,193.45,0,0,50,0,21-FEB-2022,
OPTIDX,NIFTY,24-Mar-2022,16700,PE,283.25,283.65,233.05,245.35,245.35,15,127.1,500,-50,21-FEB-2022,
OPTIDX,NIFTY,24-Mar-2022,16750,PE,0,0,0,206.8,224.65,0,0,0,0,21-FEB-2022,
OPTIDX,NIFTY,24-Mar-2022,16800,PE,307.7,316,230.05,272.85,272.85,100,853.59,4000,1100,21-FEB-2022,
OPTIDX,NIFTY,24-Mar-2022,16850,PE,0,0,0,232.75,259.15,0,0,0,0,21-FEB-2022,
OPTIDX,NIFTY,24-Mar-2022,16900,PE,293.15,345,256,305.8,305.8,78,671.04,1200,400,21-FEB-2022,
OPTIDX,NIFTY,24-Mar-2022,16950,PE,0,0,0,259.4,297.1,0,0,0,0,21-FEB-2022,
OPTIDX,NIFTY,24-Mar-2022,17000,PE,335.3,385.4,286,337.55,337.55,320,2773.97,11300,-1550,21-FEB-2022,
OPTIDX,NIFTY,24-Mar-2022,17050,PE,0,0,0,291.35,338.6,0,0,150,0,21-FEB-2022,
OPTIDX,NIFTY,24-Mar-2022,17100,PE,369.35,438.75,328.3,375.7,375.7,393,3441.71,3900,2500,21-FEB-2022,
OPTIDX,NIFTY,24-Mar-2022,17150,PE,0,0,0,321.3,383.65,0,0,0,0,21-FEB-2022,
OPTIDX,NIFTY,24-Mar-2022,17200,PE,410.6,471.3,360.55,413.1,413.1,141,1242.46,3100,950,21-FEB-2022,
OPTIDX,NIFTY,24-Mar-2022,17250,PE,0,0,0,394.75,432.25,0,0,50,0,21-FEB-2022,
OPTIDX,NIFTY,24-Mar-2022,17300,PE,460,520,392.85,461.6,461.6,179,1589.22,4850,-1800,21-FEB-2022,
OPTIDX,NIFTY,24-Mar-2022,17350,PE,0,0,0,392.65,484.45,0,0,0,0,21-FEB-2022,
OPTIDX,NIFTY,24-Mar-2022,17400,PE,466.45,466.45,466.45,466.45,511.9,2,17.86,700,100,21-FEB-2022,
OPTIDX,NIFTY,24-Mar-2022,17450,PE,0,0,0,431.95,540.25,0,0,0,0,21-FEB-2022,
OPTIDX,NIFTY,24-Mar-2022,17500,PE,594.95,606.45,500,560.3,560.3,121,1093.29,1900,-3750,21-FEB-2022,
OPTIDX,NIFTY,24-Mar-2022,17550,PE,0,0,0,473.75,599.45,0,0,0,0,21-FEB-2022,
OPTIDX,NIFTY,24-Mar-2022,17600,PE,0,0,0,592.3,630.35,0,0,1650,0,21-FEB-2022,
OPTIDX,NIFTY,24-Mar-2022,17650,PE,0,0,0,518,662.1,0,0,0,0,21-FEB-2022,
OPTIDX,NIFTY,24-Mar-2022,17700,PE,650,650,643.9,643.9,694.65,2,18.34,300,0,21-FEB-2022,
OPTIDX,NIFTY,24-Mar-2022,17750,PE,0,0,0,564.8,727.95,0,0,0,0,21-FEB-2022,
OPTIDX,NIFTY,24-Mar-2022,17800,PE,0,0,0,720,762.1,0,0,100,0,21-FEB-2022,
OPTIDX,NIFTY,24-Mar-2022,17850,PE,0,0,0,614,797,0,0,0,0,21-FEB-2022,
OPTIDX,NIFTY,24-Mar-2022,17900,PE,0,0,0,639.55,832.6,0,0,0,0,21-FEB-2022,
OPTIDX,NIFTY,24-Mar-2022,17950,PE,0,0,0,665.75,868.95,0,0,0,0,21-FEB-2022,
OPTIDX,NIFTY,24-Mar-2022,18000,PE,900,1000,800,1000,906.8,6,56.74,200,-50,21-FEB-2022,
OPTIDX,NIFTY,24-Mar-2022,18050,PE,0,0,0,719.95,944.65,0,0,0,0,21-FEB-2022,
OPTIDX,NIFTY,24-Mar-2022,18100,PE,0,0,0,748,982.4,0,0,0,0,21-FEB-2022,
OPTIDX,NIFTY,24-Mar-2022,18150,PE,0,0,0,776.6,1021.45,0,0,0,0,21-FEB-2022,
OPTIDX,NIFTY,24-Mar-2022,18200,PE,0,0,0,805.85,1061.1,0,0,0,0,21-FEB-2022,
OPTIDX,NIFTY,24-Mar-2022,18250,PE,0,0,0,835.65,1101.35,0,0,0,0,21-FEB-2022,
OPTIDX,NIFTY,24-Mar-2022,18300,PE,0,0,0,866.05,1142.2,0,0,0,0,21-FEB-2022,
OPTIDX,NIFTY,24-Mar-2022,18350,PE,0,0,0,897.05,1183.55,0,0,0,0,21-FEB-2022,
OPTIDX,NIFTY,24-Mar-2022,18400,PE,0,0,0,928.6,1225.45,0,0,0,0,21-FEB-2022,
OPTIDX,NIFTY,24-Mar-2022,18450,PE,0,0,0,960.7,1267.8,0,0,0,0,21-FEB-2022,
OPTIDX,NIFTY,24-Mar-2022,18500,PE,0,0,0,993.35,1310.7,0,0,0,0,21-FEB-2022,
OPTIDX,NIFTY,24-Mar-2022,18550,PE,0,0,0,1026.6,1354,0,0,0,0,21-FEB-2022,
OPTIDX,NIFTY,24-Mar-2022,18600,PE,0,0,0,1060.35,1397.75,0,0,0,0,21-FEB-2022,
OPTIDX,NIFTY,24-Mar-2022,18650,PE,0,0,0,1094.65,1441.9,0,0,0,0,21-FEB-2022,
OPTIDX,NIFTY,24-Mar-2022,18700,PE,0,0,0,1129.45,1486.45,0,0,0,0,21-FEB-2022,
OPTIDX,NIFTY,24-Mar-2022,18750,PE,0,0,0,1164.8,1531.35,0,0,0,0,21-FEB-2022,
OPTIDX,NIFTY,24-Mar-2022,18800,PE,0,0,0,1200.6,1576.6,0,0,0,0,21-FEB-2022,
OPTIDX,NIFTY,24-Mar-2022,18850,PE,0,0,0,1236.95,1622.2,0,0,0,0,21-FEB-2022,
OPTIDX,NIFTY,24-Mar-2022,18900,PE,0,0,0,1273.75,1668.1,0,0,0,0,21-FEB-2022,
OPTIDX,NIFTY,24-Mar-2022,18950,PE,0,0,0,1311.85,1714.25,0,0,0,0,21-FEB-2022,
OPTIDX,NIFTY,24-Mar-2022,19000,PE,0,0,0,1349.65,1760.75,0,0,0,0,21-FEB-2022,
OPTIDX,NIFTY,24-Mar-2022,19050,PE,0,0,0,1387.95,1807.45,0,0,0,0,21-FEB-2022,
OPTIDX,NIFTY,24-Mar-2022,19100,PE,0,0,0,1425.85,1854.4,0,0,0,0,21-FEB-2022,
OPTIDX,NIFTY,24-Mar-2022,19150,PE,0,0,0,1464.9,1901.6,0,0,0,0,21-FEB-2022,
OPTIDX,NIFTY,24-Mar-2022,19200,PE,0,0,0,1504.4,1949,0,0,0,0,21-FEB-2022,
OPTIDX,NIFTY,24-Mar-2022,19250,PE,0,0,0,1544.25,1996.6,0,0,0,0,21-FEB-2022,
OPTIDX,NIFTY,24-Mar-2022,19300,PE,0,0,0,1544.25,2044.35,0,0,0,0,21-FEB-2022,
OPTIDX,NIFTY,31-Mar-2022,13000,CE,4123.55,4331.4,4123.55,4203.7,4203.7,90,774.67,55000,3550,21-FEB-2022,
OPTIDX,NIFTY,31-Mar-2022,13500,CE,0,0,0,3820,3765.9,0,0,4800,0,21-FEB-2022,
OPTIDX,NIFTY,31-Mar-2022,14000,CE,3157,3369,3155,3242.4,3242.4,122,1051.38,96100,4850,21-FEB-2022,
OPTIDX,NIFTY,31-Mar-2022,14500,CE,2701,2762.85,2701,2762.85,2772.75,4,34.48,198150,-100,21-FEB-2022,
OPTIDX,NIFTY,31-Mar-2022,15000,CE,2290,2411.85,2159.3,2274.5,2274.5,681,5896.71,345500,19950,21-FEB-2022,
OPTIDX,NIFTY,31-Mar-2022,15350,CE,0,0,0,2008.3,1947.1,0,0,50,0,21-FEB-2022,
OPTIDX,NIFTY,31-Mar-2022,15400,CE,0,0,0,2025,1900.05,0,0,250,0,21-FEB-2022,
OPTIDX,NIFTY,31-Mar-2022,15450,CE,0,0,0,1540.9,1853.2,0,0,0,0,21-FEB-2022,
OPTIDX,NIFTY,31-Mar-2022,15500,CE,1780.45,1937.5,1707.6,1802.55,1802.55,650,5627.47,119400,21850,21-FEB-2022,
OPTIDX,NIFTY,31-Mar-2022,15550,CE,0,0,0,1454.4,1760.45,0,0,0,0,21-FEB-2022,
OPTIDX,NIFTY,31-Mar-2022,15600,CE,0,0,0,1820,1714.5,0,0,250,0,21-FEB-2022,
OPTIDX,NIFTY,31-Mar-2022,15650,CE,0,0,0,1722.75,1668.9,0,0,0,0,21-FEB-2022,
OPTIDX,NIFTY,31-Mar-2022,15700,CE,1680,1680,1680,1680,1623.7,1,8.69,150,50,21-FEB-2022,
OPTIDX,NIFTY,31-Mar-2022,15750,CE,0,0,0,1792.1,1578.8,0,0,0,0,21-FEB-2022,
OPTIDX,NIFTY,31-Mar-2022,15800,CE,1490,1490,1490,1490,1534.35,1,8.64,450,50,21-FEB-2022,
OPTIDX,NIFTY,31-Mar-2022,15850,CE,0,0,0,1618.4,1490.3,0,0,50,0,21-FEB-2022,
OPTIDX,NIFTY,31-Mar-2022,15900,CE,0,0,0,1444,1446.7,0,0,50,0,21-FEB-2022,
OPTIDX,NIFTY,31-Mar-2022,15950,CE,0,0,0,1215.6,1403.55,0,0,100,0,21-FEB-2022,
OPTIDX,NIFTY,31-Mar-2022,16000,CE,1370,1495.2,1276.75,1364.4,1364.4,1236,10748.35,349350,34950,21-FEB-2022,
OPTIDX,NIFTY,31-Mar-2022,16050,CE,0,0,0,1130.3,1318.7,0,0,50,0,21-FEB-2022,
OPTIDX,NIFTY,31-Mar-2022,16100,CE,1239.25,1240,1208.6,1240,1277.05,3,25.99,2550,100,21-FEB-2022,
OPTIDX,NIFTY,31-Mar-2022,16150,CE,0,0,0,1058.95,1235.95,0,0,150,0,21-FEB-2022,
OPTIDX,NIFTY,31-Mar-2022,16200,CE,1228.9,1295,1106,1216.2,1216.2,22,191.56,4450,700,21-FEB-2022,
OPTIDX,NIFTY,31-Mar-2022,16250,CE,0,0,0,1209.9,1155.45,0,0,150,0,21-FEB-2022,
OPTIDX,NIFTY,31-Mar-2022,16300,CE,1115.5,1215,1065,1159.55,1116.1,9,78.55,3050,50,21-FEB-2022,
OPTIDX,NIFTY,31-Mar-2022,16350,CE,0,0,0,1212.9,1077.4,0,0,1050,0,21-FEB-2022,
OPTIDX,NIFTY,31-Mar-2022,16400,CE,1066.3,1124,995,1124,1039.35,8,69.91,4500,100,21-FEB-2022,
OPTIDX,NIFTY,31-Mar-2022,16450,CE,987,1051.2,932.15,1051.2,1002.6,5,43.56,1500,0,21-FEB-2022,
OPTIDX,NIFTY,31-Mar-2022,16500,CE,984,1077.25,890,960.95,960.95,851,7438.47,171150,8950,21-FEB-2022,
OPTIDX,NIFTY,31-Mar-2022,16550,CE,940.45,950.05,852,950.05,928.95,32,278.73,1350,-450,21-FEB-2022,
OPTIDX,NIFTY,31-Mar-2022,16600,CE,909.6,980,827.05,890.35,890.35,81,708.04,25750,50,21-FEB-2022,
OPTIDX,NIFTY,31-Mar-2022,16650,CE,864.95,876,818,858,858,21,183.76,900,500,21-FEB-2022,
OPTIDX,NIFTY,31-Mar-2022,16700,CE,815.35,914.5,756.05,819.45,819.45,165,1445.95,59900,1200,21-FEB-2022,
OPTIDX,NIFTY,31-Mar-2022,16750,CE,764,832,750.5,782,782,119,1043.6,15550,-550,21-FEB-2022,
OPTIDX,NIFTY,31-Mar-2022,16800,CE,754,846.45,679.95,747.45,747.45,555,4871.13,37550,5150,21-FEB-2022,
OPTIDX,NIFTY,31-Mar-2022,16850,CE,722.95,762,722.95,762,728.35,4,35.18,6350,50,21-FEB-2022,
OPTIDX,NIFTY,31-Mar-2022,16900,CE,690.95,770.3,615,680,680,313,2753.59,26250,-500,21-FEB-2022,
OPTIDX,NIFTY,31-Mar-2022,16950,CE,610,716,599,675,667.65,42,370.38,5750,1100,21-FEB-2022,
OPTIDX,NIFTY,31-Mar-2022,17000,CE,641.05,705.45,556,614.7,614.7,9413,82917.93,789925,78450,21-FEB-2022,
OPTIDX,NIFTY,31-Mar-2022,17050,CE,590,645,536,580.95,580.95,68,599.51,4550,1350,21-FEB-2022,
OPTIDX,NIFTY,31-Mar-2022,17100,CE,581.05,638.7,499.95,551.35,551.35,3228,28482.46,70800,11300,21-FEB-2022,
OPTIDX,NIFTY,31-Mar-2022,17150,CE,518,591.75,470,520.4,520.4,309,2728.93,4700,2150,21-FEB-2022,
OPTIDX,NIFTY,31-Mar-2022,17200,CE,490.6,572.8,442.55,491.65,491.65,9377,82961.77,178100,60600,21-FEB-2022,
OPTIDX,NIFTY,31-Mar-2022,17250,CE,487.9,540,422.3,462.55,462.55,573,5077.95,7350,-1350,21-FEB-2022,
OPTIDX,NIFTY,31-Mar-2022,17300,CE,450,511.7,392.55,435.85,435.85,11533,102352.06,434600,16700,21-FEB-2022,
OPTIDX,NIFTY,31-Mar-2022,17350,CE,412.55,480,370.45,407.65,407.65,533,4740.78,8350,-700,21-FEB-2022,
OPTIDX,NIFTY,31-Mar-2022,17400,CE,396.55,452.75,346.15,383.1,383.1,7758,69018.45,303600,21250,21-FEB-2022,
OPTIDX,NIFTY,31-Mar-2022,17450,CE,365.55,421.25,325.05,357.75,357.75,269,2395.24,6300,1900,21-FEB-2022,
OPTIDX,NIFTY,31-Mar-2022,17500,CE,331.9,398,301,335.65,335.65,21256,189598.43,1139950,54700,21-FEB-2022,
OPTIDX,NIFTY,31-Mar-2022,17550,CE,319.75,369,286.05,312.25,312.25,146,1304.6,4750,1300,21-FEB-2022,
OPTIDX,NIFTY,31-Mar-2022,17600,CE,292.4,347,260.65,290.25,290.25,4990,44647.56,194350,13900,21-FEB-2022,
OPTIDX,NIFTY,31-Mar-2022,17650,CE,272.55,320.5,242.6,269.3,269.3,251,2248.58,19000,5550,21-FEB-2022,
OPTIDX,NIFTY,31-Mar-2022,17700,CE,250.05,300.55,223.25,249,249,4922,44185.76,142000,20150,21-FEB-2022,
OPTIDX,NIFTY,31-Mar-2022,17750,CE,235.05,273,208,233.3,233.3,136,1222.79,7250,550,21-FEB-2022,
OPTIDX,NIFTY,31-Mar-2022,17800,CE,192,258.1,189.5,211.55,211.55,6379,57454.93,217650,37600,21-FEB-2022,
OPTIDX,NIFTY,31-Mar-2022,17850,CE,199.7,233.5,179.4,188,188,31,279.78,7100,150,21-FEB-2022,
OPTIDX,NIFTY,31-Mar-2022,17900,CE,174.1,219.9,160,179.75,179.75,3172,28678.99,111350,23050,21-FEB-2022,
OPTIDX,NIFTY,31-Mar-2022,17950,CE,168.5,205,148,167,167,37,335.22,6800,350,21-FEB-2022,
OPTIDX,NIFTY,31-Mar-2022,18000,CE,145,186.95,135.05,151.6,151.6,23021,208993.37,1334000,63800,21-FEB-2022,
OPTIDX,NIFTY,31-Mar-2022,18050,CE,136.55,165.95,105.2,137.1,137.1,79,718.48,5800,-350,21-FEB-2022,
OPTIDX,NIFTY,31-Mar-2022,18100,CE,135.6,155,111.3,125.7,125.7,2877,26220.78,103750,5700,21-FEB-2022,
OPTIDX,NIFTY,31-Mar-2022,18150,CE,114.4,139.45,101.6,112.2,112.2,272,2484.87,6200,1900,21-FEB-2022,
OPTIDX,NIFTY,31-Mar-2022,18200,CE,105.65,127.1,91.6,103.2,103.2,4751,43483.28,262150,44500,21-FEB-2022,
OPTIDX,NIFTY,31-Mar-2022,18250,CE,93.35,114.5,85,95.6,95.6,100,917.35,4600,-150,21-FEB-2022,
OPTIDX,NIFTY,31-Mar-2022,18300,CE,98.05,104.75,75.35,84.6,84.6,4828,44389.89,162600,14000,21-FEB-2022,
OPTIDX,NIFTY,31-Mar-2022,18350,CE,76.05,92.2,65.75,80.2,141.3,30,276.43,7900,400,21-FEB-2022,
OPTIDX,NIFTY,31-Mar-2022,18400,CE,67.45,84.1,60.6,67.8,67.8,3814,35223.96,121850,2800,21-FEB-2022,
OPTIDX,NIFTY,31-Mar-2022,18450,CE,58,69.65,52.75,59.85,59.85,37,342.41,9500,450,21-FEB-2022,
OPTIDX,NIFTY,31-Mar-2022,18500,CE,55.6,69.6,50.2,55.45,55.45,17510,162474.79,1051250,103750,21-FEB-2022,
OPTIDX,NIFTY,31-Mar-2022,18550,CE,49.05,55,40.6,52.35,107.35,46,427.79,8600,1050,21-FEB-2022,
OPTIDX,NIFTY,31-Mar-2022,18600,CE,47.55,54,39.55,44.25,44.25,5679,52944.1,153550,20400,21-FEB-2022,
OPTIDX,NIFTY,31-Mar-2022,18650,CE,40.05,48.85,32.8,37.4,37.4,86,803.7,2650,350,21-FEB-2022,
OPTIDX,NIFTY,31-Mar-2022,18700,CE,35.6,42.45,31.2,34.9,34.9,1904,17837.41,88250,10400,21-FEB-2022,
OPTIDX,NIFTY,31-Mar-2022,18750,CE,26.3,32.65,26.3,32.65,80.5,3,28.16,1100,0,21-FEB-2022,
OPTIDX,NIFTY,31-Mar-2022,18800,CE,29.4,33.65,24.9,27.85,27.85,2674,25173.44,149550,-1400,21-FEB-2022,
OPTIDX,NIFTY,31-Mar-2022,18850,CE,24.75,28.2,23.9,25,25,17,160.44,1000,0,21-FEB-2022,
OPTIDX,NIFTY,31-Mar-2022,18900,CE,24.5,29.3,19.1,22.2,22.2,602,5695.92,25250,3300,21-FEB-2022,
OPTIDX,NIFTY,31-Mar-2022,18950,CE,24.95,25,19.45,19.45,19.45,6,56.91,2050,50,21-FEB-2022,
OPTIDX,NIFTY,31-Mar-2022,19000,CE,23.8,23.8,17.1,18.6,18.6,9467,90029.51,1144000,99250,21-FEB-2022,
OPTIDX,NIFTY,31-Mar-2022,19050,CE,0,0,0,308.25,50.95,0,0,0,0,21-FEB-2022,
OPTIDX,NIFTY,31-Mar-2022,19100,CE,17.8,19.25,14,15,15,567,5419.36,25550,11300,21-FEB-2022,
OPTIDX,NIFTY,31-Mar-2022,19150,CE,0,0,0,284.9,43.45,0,0,0,0,21-FEB-2022,
OPTIDX,NIFTY,31-Mar-2022,19200,CE,15.85,18.1,11.05,12.5,12.5,270,2593.78,23550,2600,21-FEB-2022,
OPTIDX,NIFTY,31-Mar-2022,19250,CE,11.85,11.85,11.85,11.85,36.95,1,9.63,50,50,21-FEB-2022,
OPTIDX,NIFTY,31-Mar-2022,19300,CE,12.75,13.7,10.15,11.3,11.3,51,492.45,11300,-150,21-FEB-2022,
OPTIDX,NIFTY,31-Mar-2022,19350,CE,10.95,16.95,10.25,16.95,16.95,5,48.4,1000,250,21-FEB-2022,
OPTIDX,NIFTY,31-Mar-2022,19400,CE,10.95,13.95,7.25,9,28.75,74,718.15,3800,1000,21-FEB-2022,
OPTIDX,NIFTY,31-Mar-2022,19450,CE,0,0,0,14,26.4,0,0,100,0,21-FEB-2022,
OPTIDX,NIFTY,31-Mar-2022,19500,CE,10,10.5,8.1,8.45,8.45,2188,21342.83,309400,13950,21-FEB-2022,
OPTIDX,NIFTY,31-Mar-2022,19550,CE,0,0,0,272,22.25,0,0,0,0,21-FEB-2022,
OPTIDX,NIFTY,31-Mar-2022,19600,CE,10.7,10.7,8,8.5,8.5,43,421.59,6350,350,21-FEB-2022,
OPTIDX,NIFTY,31-Mar-2022,19650,CE,0,0,0,284.4,18.65,0,0,0,0,21-FEB-2022,
OPTIDX,NIFTY,31-Mar-2022,19700,CE,9,9,8.1,8.4,8.4,17,167.52,3950,300,21-FEB-2022,
OPTIDX,NIFTY,31-Mar-2022,19750,CE,9.15,12.4,9.15,10.85,15.6,7,69.16,3300,350,21-FEB-2022,
OPTIDX,NIFTY,31-Mar-2022,19800,CE,9.9,9.9,6.35,8,8,60,594.23,7300,350,21-FEB-2022,
OPTIDX,NIFTY,31-Mar-2022,20000,CE,8.45,8.5,6.05,6.35,6.35,2750,27508.81,680200,-10550,21-FEB-2022,
OPTIDX,NIFTY,31-Mar-2022,20500,CE,5.05,5.85,4.75,5.45,5.45,208,2132.54,116650,-900,21-FEB-2022,
OPTIDX,NIFTY,31-Mar-2022,21000,CE,3.85,4.95,3.6,4.75,4.75,877,9210.41,269750,-2550,21-FEB-2022,
OPTIDX,NIFTY,31-Mar-2022,12000,PE,5.9,7.4,4.2,4.7,4.7,275,1650.67,11700,8050,21-FEB-2022,
OPTIDX,NIFTY,31-Mar-2022,13000,PE,10,11.7,7.25,9.1,9.1,2522,16403.92,455050,74800,21-FEB-2022,
OPTIDX,NIFTY,31-Mar-2022,13500,PE,14.25,17.1,11.25,13.8,13.8,806,5445.94,49600,7000,21-FEB-2022,
OPTIDX,NIFTY,31-Mar-2022,14000,PE,23.75,24.55,16.8,20.55,20.55,3383,23714.08,414250,38150,21-FEB-2022,
OPTIDX,NIFTY,31-Mar-2022,14500,PE,30.4,33,22.6,30.4,30.4,6187,44946.07,942950,106500,21-FEB-2022,
OPTIDX,NIFTY,31-Mar-2022,15000,PE,49.75,52.55,35.7,44.05,44.05,10940,82285.26,882500,61750,21-FEB-2022,
OPTIDX,NIFTY,31-Mar-2022,15350,PE,0,0,0,56.8,23.15,0,0,0,0,21-FEB-2022,
OPTIDX,NIFTY,31-Mar-2022,15400,PE,69,79.1,52.55,62.9,62.9,308,2381.04,14050,3750,21-FEB-2022,
OPTIDX,NIFTY,31-Mar-2022,15450,PE,68.95,69,61.1,61.1,28.85,4,31.03,550,100,21-FEB-2022,
OPTIDX,NIFTY,31-Mar-2022,15500,PE,77,87.2,61.25,72.3,72.3,17134,133411.54,2561400,395000,21-FEB-2022,
OPTIDX,NIFTY,31-Mar-2022,15550,PE,75.55,84.65,63.5,76,35.6,41,320.26,2600,1400,21-FEB-2022,
OPTIDX,NIFTY,31-Mar-2022,15600,PE,80.05,93.2,65.25,79.3,79.3,1081,8472.03,95050,22750,21-FEB-2022,
OPTIDX,NIFTY,31-Mar-2022,15650,PE,91.6,91.6,70.55,70.55,43.65,3,23.59,850,0,21-FEB-2022,
OPTIDX,NIFTY,31-Mar-2022,15700,PE,90.95,105.9,73,88.7,88.7,1481,11688.58,84500,21050,21-FEB-2022,
OPTIDX,NIFTY,31-Mar-2022,15750,PE,96.9,104.45,86,89.45,89.45,28,221.75,1300,400,21-FEB-2022,
OPTIDX,NIFTY,31-Mar-2022,15800,PE,100.65,118.05,83,99.7,99.7,2838,22559.84,156400,41900,21-FEB-2022,
OPTIDX,NIFTY,31-Mar-2022,15850,PE,117.8,117.8,106.65,106.65,106.65,4,31.92,1050,-50,21-FEB-2022,
OPTIDX,NIFTY,31-Mar-2022,15900,PE,108.5,132.75,93.45,112.2,112.2,5433,43498.56,174300,64000,21-FEB-2022,
OPTIDX,NIFTY,31-Mar-2022,15950,PE,116.05,128.55,101.05,117.65,117.65,30,240.97,10600,600,21-FEB-2022,
OPTIDX,NIFTY,31-Mar-2022,16000,PE,133,150.4,106.35,127.95,127.95,29850,240698.17,2844000,212650,21-FEB-2022,
OPTIDX,NIFTY,31-Mar-2022,16050,PE,137.05,157.95,108.9,130.9,91.7,39,315.59,12950,750,21-FEB-2022,
OPTIDX,NIFTY,31-Mar-2022,16100,PE,146.1,165.3,116.8,140.8,140.8,5876,47709.34,347050,24700,21-FEB-2022,
OPTIDX,NIFTY,31-Mar-2022,16150,PE,163.25,175,141.75,146.25,146.25,10,81.53,18600,-50,21-FEB-2022,
OPTIDX,NIFTY,31-Mar-2022,16200,PE,161.2,184.55,130.1,156.1,156.1,7668,62717.29,1055300,-42250,21-FEB-2022,
OPTIDX,NIFTY,31-Mar-2022,16250,PE,171.1,189.55,146.5,169.2,127.6,24,196.91,27650,-50,21-FEB-2022,
OPTIDX,NIFTY,31-Mar-2022,16300,PE,177.25,204.2,145,174.6,174.6,5767,47503.89,516150,26950,21-FEB-2022,
OPTIDX,NIFTY,31-Mar-2022,16350,PE,193.55,214.45,155,187,187,96,793.79,21250,50,21-FEB-2022,
OPTIDX,NIFTY,31-Mar-2022,16400,PE,196.35,227,163,195.7,195.7,6655,55223.62,621350,46550,21-FEB-2022,
OPTIDX,NIFTY,31-Mar-2022,16450,PE,208.3,240.25,186.65,208.3,208.3,31,258.35,41600,0,21-FEB-2022,
OPTIDX,NIFTY,31-Mar-2022,16500,PE,224.85,255.3,185.05,220.5,220.5,30511,255012.14,3527150,327150,21-FEB-2022,
OPTIDX,NIFTY,31-Mar-2022,16550,PE,235.45,257.95,203.3,231.5,199.75,28,234.95,31750,450,21-FEB-2022,
OPTIDX,NIFTY,31-Mar-2022,16600,PE,241.3,281.05,202.55,242.45,242.45,5500,46312.71,391150,22150,21-FEB-2022,
OPTIDX,NIFTY,31-Mar-2022,16650,PE,251.55,293.75,218.55,256.45,256.45,158,1335.08,7300,1000,21-FEB-2022,
OPTIDX,NIFTY,31-Mar-2022,16700,PE,268.95,310,225.85,269,269,4350,36901.81,416150,15850,21-FEB-2022,
OPTIDX,NIFTY,31-Mar-2022,16750,PE,287.8,323.45,242.55,280,280,120,1021.9,7150,1150,21-FEB-2022,
OPTIDX,NIFTY,31-Mar-2022,16800,PE,308.9,343.95,249.35,295.7,295.7,9534,81535.75,586200,119950,21-FEB-2022,
OPTIDX,NIFTY,31-Mar-2022,16850,PE,310.05,356.8,265.35,308.5,308.5,375,3217.5,11700,2400,21-FEB-2022,
OPTIDX,NIFTY,31-Mar-2022,16900,PE,328.65,379.45,277.6,328.7,328.7,6377,54943.6,276150,-13000,21-FEB-2022,
OPTIDX,NIFTY,31-Mar-2022,16950,PE,346.5,395.45,293,342.05,342.05,219,1892.76,21150,250,21-FEB-2022,
OPTIDX,NIFTY,31-Mar-2022,17000,PE,375,419.5,308,364.65,364.65,31910,277027.1,2650000,105950,21-FEB-2022,
OPTIDX,NIFTY,31-Mar-2022,17050,PE,374.95,428.8,325.55,376.9,376.9,317,2763.72,18550,-5150,21-FEB-2022,
OPTIDX,NIFTY,31-Mar-2022,17100,PE,397.5,459,338.45,399.8,399.8,8883,77746.47,229800,13150,21-FEB-2022,
OPTIDX,NIFTY,31-Mar-2022,17150,PE,409.05,475,356.4,418.45,418.45,444,3901.61,7500,1850,21-FEB-2022,
OPTIDX,NIFTY,31-Mar-2022,17200,PE,439.05,502.85,372.35,438.05,438.05,13849,122133.2,1051900,6400,21-FEB-2022,
OPTIDX,NIFTY,31-Mar-2022,17250,PE,466,521,392.65,461.5,461.5,463,4097.45,13350,-650,21-FEB-2022,
OPTIDX,NIFTY,31-Mar-2022,17300,PE,487.95,550.95,410.35,482.75,482.75,9732,86497.82,312300,-59050,21-FEB-2022,
OPTIDX,NIFTY,31-Mar-2022,17350,PE,504.05,558,430.15,502.85,502.85,199,1774.33,10100,950,21-FEB-2022,
OPTIDX,NIFTY,31-Mar-2022,17400,PE,524.8,601.85,452.8,527.9,527.9,3754,33643.2,204650,-12300,21-FEB-2022,
OPTIDX,NIFTY,31-Mar-2022,17450,PE,602,617,499.45,545.9,545.9,30,270.09,5600,-600,21-FEB-2022,
OPTIDX,NIFTY,31-Mar-2022,17500,PE,593.35,658.4,496.55,579.7,579.7,9593,86647.09,1302100,46300,21-FEB-2022,
OPTIDX,NIFTY,31-Mar-2022,17550,PE,591.95,663,549,607.05,607.05,269,2436.91,12250,7750,21-FEB-2022,
OPTIDX,NIFTY,31-Mar-2022,17600,PE,628,713.25,545.2,635.6,635.6,695,6331.39,89400,-300,21-FEB-2022,
OPTIDX,NIFTY,31-Mar-2022,17650,PE,665.95,731,611.95,677.05,677.05,36,330.02,4600,-450,21-FEB-2022,
OPTIDX,NIFTY,31-Mar-2022,17700,PE,669.95,776.95,597.35,692.65,692.65,1087,9989.64,102150,19400,21-FEB-2022,
OPTIDX,NIFTY,31-Mar-2022,17750,PE,716.95,777,632,705,762.7,60,554.17,7300,1050,21-FEB-2022,
OPTIDX,NIFTY,31-Mar-2022,17800,PE,751,843.6,655,756.4,756.4,464,4302.42,63300,-2150,21-FEB-2022,
OPTIDX,NIFTY,31-Mar-2022,17850,PE,773.05,855,682,771.05,771.05,130,1207.5,5800,600,21-FEB-2022,
OPTIDX,NIFTY,31-Mar-2022,17900,PE,799.45,909,721,825.85,825.85,375,3502.81,31750,3300,21-FEB-2022,
OPTIDX,NIFTY,31-Mar-2022,17950,PE,771,775,756,756,899.6,7,65.5,3800,300,21-FEB-2022,
OPTIDX,NIFTY,31-Mar-2022,18000,PE,878.35,984.5,785,897.35,897.35,7719,72780.31,738750,109350,21-FEB-2022,
OPTIDX,NIFTY,31-Mar-2022,18050,PE,0,0,0,615,972.05,0,0,5150,0,21-FEB-2022,
OPTIDX,NIFTY,31-Mar-2022,18100,PE,963.05,1052.6,870.1,967.8,967.8,56,534.35,11100,-250,21-FEB-2022,
OPTIDX,NIFTY,31-Mar-2022,18150,PE,0,0,0,893.1,1047.95,0,0,6000,0,21-FEB-2022,
OPTIDX,NIFTY,31-Mar-2022,18200,PE,1093.75,1132.6,921.95,1039.9,1039.9,163,1567.65,19950,2200,21-FEB-2022,
OPTIDX,NIFTY,31-Mar-2022,18250,PE,1064.4,1085.05,1064.4,1085.05,1124.65,4,38.64,2450,-100,21-FEB-2022,
OPTIDX,NIFTY,31-Mar-2022,18300,PE,1222,1222,1028,1113.6,1113.6,46,446.3,12050,850,21-FEB-2022,
OPTIDX,NIFTY,31-Mar-2022,18350,PE,0,0,0,1110,1204.2,0,0,400,0,21-FEB-2022,
OPTIDX,NIFTY,31-Mar-2022,18400,PE,1183.15,1183.15,1105,1160,1244.8,22,214.89,5700,800,21-FEB-2022,
OPTIDX,NIFTY,31-Mar-2022,18450,PE,1200,1299.05,1193.5,1193.5,1285.85,7,68.9,300,0,21-FEB-2022,
OPTIDX,NIFTY,31-Mar-2022,18500,PE,1270,1390,1160,1292.45,1292.45,804,7948.9,262000,13300,21-FEB-2022,
OPTIDX,NIFTY,31-Mar-2022,18550,PE,0,0,0,1207.55,1369.4,0,0,150,0,21-FEB-2022,
OPTIDX,NIFTY,31-Mar-2022,18600,PE,1440.2,1440.2,1271,1338.95,1411.85,24,239.24,6600,100,21-FEB-2022,
OPTIDX,NIFTY,31-Mar-2022,18650,PE,0,0,0,1296,1454.7,0,0,50,0,21-FEB-2022,
OPTIDX,NIFTY,31-Mar-2022,18700,PE,1478.9,1519.95,1478.9,1519.95,1498,3,30.3,4350,-50,21-FEB-2022,
OPTIDX,NIFTY,31-Mar-2022,18750,PE,0,0,0,1437,1541.65,0,0,50,0,21-FEB-2022,
OPTIDX,NIFTY,31-Mar-2022,18800,PE,1602,1602,1552.8,1553.3,1553.3,3,30.55,3000,0,21-FEB-2022,
OPTIDX,NIFTY,31-Mar-2022,18850,PE,0,0,0,1575.15,1630.05,0,0,50,0,21-FEB-2022,
OPTIDX,NIFTY,31-Mar-2022,18900,PE,0,0,0,1587.75,1674.75,0,0,1800,0,21-FEB-2022,
OPTIDX,NIFTY,31-Mar-2022,18950,PE,0,0,0,1527.3,1719.8,0,0,150,0,21-FEB-2022,
OPTIDX,NIFTY,31-Mar-2022,19000,PE,1740,1860,1614.3,1746.65,1746.65,1132,11723.06,243250,31850,21-FEB-2022,
OPTIDX,NIFTY,31-Mar-2022,19050,PE,0,0,0,1547.75,1810.75,0,0,0,0,21-FEB-2022,
OPTIDX,NIFTY,31-Mar-2022,19100,PE,1890.65,1920,1890.65,1920,1856.7,2,21,950,100,21-FEB-2022,
OPTIDX,NIFTY,31-Mar-2022,19150,PE,0,0,0,1623.45,1902.85,0,0,0,0,21-FEB-2022,
OPTIDX,NIFTY,31-Mar-2022,19200,PE,2012.65,2012.65,2000,2000,1949.25,4,42.4,600,50,21-FEB-2022,
OPTIDX,NIFTY,31-Mar-2022,19250,PE,0,0,0,1567.3,1995.9,0,0,0,0,21-FEB-2022,
OPTIDX,NIFTY,31-Mar-2022,19300,PE,2061.1,2061.1,2061.1,2061.1,2042.75,1,10.68,200,50,21-FEB-2022,
OPTIDX,NIFTY,31-Mar-2022,19350,PE,0,0,0,1552.95,2089.8,0,0,0,0,21-FEB-2022,
OPTIDX,NIFTY,31-Mar-2022,19400,PE,2200,2200,2040,2088.6,2137.05,23,246.96,1800,1100,21-FEB-2022,
OPTIDX,NIFTY,31-Mar-2022,19450,PE,0,0,0,1628.55,2184.5,0,0,0,0,21-FEB-2022,
OPTIDX,NIFTY,31-Mar-2022,19500,PE,2240.3,2315,2100,2229.3,2229.3,490,5315.05,47400,15700,21-FEB-2022,
OPTIDX,NIFTY,31-Mar-2022,19550,PE,0,0,0,1593.1,2279.9,0,0,0,0,21-FEB-2022,
OPTIDX,NIFTY,31-Mar-2022,19600,PE,0,0,0,1822.85,2327.8,0,0,450,0,21-FEB-2022,
OPTIDX,NIFTY,31-Mar-2022,19650,PE,0,0,0,1550.6,2375.85,0,0,0,0,21-FEB-2022,
OPTIDX,NIFTY,31-Mar-2022,19700,PE,2396,2396,2396,2396,2424.05,1,11.04,50,50,21-FEB-2022,
OPTIDX,NIFTY,31-Mar-2022,19750,PE,0,0,0,1591.1,2472.35,0,0,0,0,21-FEB-2022,
OPTIDX,NIFTY,31-Mar-2022,19800,PE,0,0,0,1579.65,2520.8,0,0,0,0,21-FEB-2022,
OPTIDX,NIFTY,31-Mar-2022,20000,PE,2710,2839.15,2574.35,2727.8,2727.8,486,5517.43,412950,10750,21-FEB-2022,
OPTIDX,NIFTY,31-Mar-2022,20500,PE,3122.35,3122.35,3113.55,3113.55,3207.2,2,23.61,9300,50,21-FEB-2022,
OPTIDX,NIFTY,31-Mar-2022,21000,PE,3788,3805,3627,3710.1,3710.1,19,234.41,66800,-850,21-FEB-2022,
OPTIDX,NIFTY,07-Apr-2022,15350,CE,0,0,0,1656.75,1970.05,0,0,0,0,21-FEB-2022,
OPTIDX,NIFTY,07-Apr-2022,15400,CE,0,0,0,1613.25,1923.8,0,0,0,0,21-FEB-2022,
OPTIDX,NIFTY,07-Apr-2022,15450,CE,0,0,0,1570.2,1877.8,0,0,0,0,21-FEB-2022,
OPTIDX,NIFTY,07-Apr-2022,15500,CE,0,0,0,1527.6,1832.1,0,0,0,0,21-FEB-2022,
OPTIDX,NIFTY,07-Apr-2022,15550,CE,0,0,0,1485.45,1786.75,0,0,0,0,21-FEB-2022,
OPTIDX,NIFTY,07-Apr-2022,15600,CE,0,0,0,1443.75,1741.75,0,0,0,0,21-FEB-2022,
OPTIDX,NIFTY,07-Apr-2022,15650,CE,0,0,0,1402.5,1697.05,0,0,0,0,21-FEB-2022,
OPTIDX,NIFTY,07-Apr-2022,15700,CE,0,0,0,1711.55,1652.75,0,0,0,0,21-FEB-2022,
OPTIDX,NIFTY,07-Apr-2022,15750,CE,0,0,0,1668.9,1608.85,0,0,0,0,21-FEB-2022,
OPTIDX,NIFTY,07-Apr-2022,15800,CE,0,0,0,1626.65,1565.35,0,0,0,0,21-FEB-2022,
OPTIDX,NIFTY,07-Apr-2022,15850,CE,0,0,0,1584.85,1522.3,0,0,0,0,21-FEB-2022,
OPTIDX,NIFTY,07-Apr-2022,15900,CE,0,0,0,1543.5,1479.65,0,0,0,0,21-FEB-2022,
OPTIDX,NIFTY,07-Apr-2022,15950,CE,0,0,0,1502.55,1437.5,0,0,0,0,21-FEB-2022,
OPTIDX,NIFTY,07-Apr-2022,16000,CE,0,0,0,1726.1,1395.8,0,0,0,0,21-FEB-2022,
OPTIDX,NIFTY,07-Apr-2022,16050,CE,0,0,0,1734.1,1354.65,0,0,0,0,21-FEB-2022,
OPTIDX,NIFTY,07-Apr-2022,16100,CE,0,0,0,1692.15,1314,0,0,0,0,21-FEB-2022,
OPTIDX,NIFTY,07-Apr-2022,16150,CE,0,0,0,1650.6,1273.85,0,0,0,0,21-FEB-2022,
OPTIDX,NIFTY,07-Apr-2022,16200,CE,0,0,0,1609.45,1234.3,0,0,0,0,21-FEB-2022,
OPTIDX,NIFTY,07-Apr-2022,16250,CE,0,0,0,1568.75,1195.3,0,0,0,0,21-FEB-2022,
OPTIDX,NIFTY,07-Apr-2022,16300,CE,0,0,0,1528.5,1156.85,0,0,0,0,21-FEB-2022,
OPTIDX,NIFTY,07-Apr-2022,16350,CE,0,0,0,1488.75,1119.05,0,0,0,0,21-FEB-2022,
OPTIDX,NIFTY,07-Apr-2022,16400,CE,0,0,0,1449.45,1082.45,0,0,0,0,21-FEB-2022,
OPTIDX,NIFTY,07-Apr-2022,16450,CE,0,0,0,1410.65,1045.8,0,0,0,0,21-FEB-2022,
OPTIDX,NIFTY,07-Apr-2022,16500,CE,0,0,0,1372.3,1009.15,0,0,0,0,21-FEB-2022,
OPTIDX,NIFTY,07-Apr-2022,16550,CE,0,0,0,1334.5,973.9,0,0,0,0,21-FEB-2022,
OPTIDX,NIFTY,07-Apr-2022,16600,CE,0,0,0,1297.9,939.3,0,0,0,0,21-FEB-2022,
OPTIDX,NIFTY,07-Apr-2022,16650,CE,0,0,0,1261.05,905.4,0,0,0,0,21-FEB-2022,
OPTIDX,NIFTY,07-Apr-2022,16700,CE,0,0,0,1224.8,872.2,0,0,0,0,21-FEB-2022,
OPTIDX,NIFTY,07-Apr-2022,16750,CE,0,0,0,1188.35,839.7,0,0,0,0,21-FEB-2022,
OPTIDX,NIFTY,07-Apr-2022,16800,CE,0,0,0,1153.25,807.9,0,0,0,0,21-FEB-2022,
OPTIDX,NIFTY,07-Apr-2022,16850,CE,0,0,0,1118.75,776.85,0,0,0,0,21-FEB-2022,
OPTIDX,NIFTY,07-Apr-2022,16900,CE,0,0,0,1084.8,746.5,0,0,0,0,21-FEB-2022,
OPTIDX,NIFTY,07-Apr-2022,16950,CE,0,0,0,1051.45,716.9,0,0,0,0,21-FEB-2022,
OPTIDX,NIFTY,07-Apr-2022,17000,CE,0,0,0,1018.7,688,0,0,0,0,21-FEB-2022,
OPTIDX,NIFTY,07-Apr-2022,17050,CE,0,0,0,986.55,659.9,0,0,0,0,21-FEB-2022,
OPTIDX,NIFTY,07-Apr-2022,17100,CE,0,0,0,955,632.5,0,0,0,0,21-FEB-2022,
OPTIDX,NIFTY,07-Apr-2022,17150,CE,0,0,0,924.05,605.85,0,0,0,0,21-FEB-2022,
OPTIDX,NIFTY,07-Apr-2022,17200,CE,0,0,0,784.2,579.95,0,0,151250,0,21-FEB-2022,
OPTIDX,NIFTY,07-Apr-2022,17250,CE,538.25,538.25,521.75,521.75,554.7,2,17.78,202000,0,21-FEB-2022,
OPTIDX,NIFTY,07-Apr-2022,17300,CE,504.15,521.05,470.75,475.4,475.4,8,71.2,212800,150,21-FEB-2022,
OPTIDX,NIFTY,07-Apr-2022,17350,CE,563.85,563.85,563.85,563.85,506.6,1,8.95,160100,0,21-FEB-2022,
OPTIDX,NIFTY,07-Apr-2022,17400,CE,402.95,443.6,402.5,434.25,434.25,2004,17878.09,767150,100000,21-FEB-2022,
OPTIDX,NIFTY,07-Apr-2022,17450,CE,416.9,419.95,416.8,418.95,461.45,2000,17868.04,765000,100000,21-FEB-2022,
OPTIDX,NIFTY,07-Apr-2022,17500,CE,371.6,379.25,371.6,376.55,439.95,3,26.81,229250,-100,21-FEB-2022,
OPTIDX,NIFTY,07-Apr-2022,17550,CE,0,0,0,459.8,419.2,0,0,275400,0,21-FEB-2022,
OPTIDX,NIFTY,07-Apr-2022,17600,CE,377.8,377.8,334.85,334.85,334.85,3,26.92,1052650,50,21-FEB-2022,
OPTIDX,NIFTY,07-Apr-2022,17650,CE,300,300,300,300,379.8,1,8.97,1000250,-50,21-FEB-2022,
OPTIDX,NIFTY,07-Apr-2022,17700,CE,0,0,0,624.55,361.1,0,0,0,0,21-FEB-2022,
OPTIDX,NIFTY,07-Apr-2022,17750,CE,0,0,0,601.1,343.15,0,0,0,0,21-FEB-2022,
OPTIDX,NIFTY,07-Apr-2022,17800,CE,0,0,0,578.25,325.85,0,0,0,0,21-FEB-2022,
OPTIDX,NIFTY,07-Apr-2022,17850,CE,0,0,0,556,309.2,0,0,0,0,21-FEB-2022,
OPTIDX,NIFTY,07-Apr-2022,17900,CE,0,0,0,534.35,293.2,0,0,0,0,21-FEB-2022,
OPTIDX,NIFTY,07-Apr-2022,17950,CE,0,0,0,513.35,277.8,0,0,0,0,21-FEB-2022,
OPTIDX,NIFTY,07-Apr-2022,18000,CE,0,0,0,492.9,263.1,0,0,0,0,21-FEB-2022,
OPTIDX,NIFTY,07-Apr-2022,18050,CE,0,0,0,473.1,248.95,0,0,0,0,21-FEB-2022,
OPTIDX,NIFTY,07-Apr-2022,18100,CE,0,0,0,453.85,235.45,0,0,0,0,21-FEB-2022,
OPTIDX,NIFTY,07-Apr-2022,18150,CE,0,0,0,435.15,222.5,0,0,0,0,21-FEB-2022,
OPTIDX,NIFTY,07-Apr-2022,18200,CE,0,0,0,417.1,210.95,0,0,0,0,21-FEB-2022,
OPTIDX,NIFTY,07-Apr-2022,18250,CE,0,0,0,399.55,199.2,0,0,0,0,21-FEB-2022,
OPTIDX,NIFTY,07-Apr-2022,18300,CE,0,0,0,382.6,187.25,0,0,0,0,21-FEB-2022,
OPTIDX,NIFTY,07-Apr-2022,18350,CE,0,0,0,366.2,176.5,0,0,0,0,21-FEB-2022,
OPTIDX,NIFTY,07-Apr-2022,18400,CE,0,0,0,350.3,166.2,0,0,0,0,21-FEB-2022,
OPTIDX,NIFTY,07-Apr-2022,18450,CE,0,0,0,334.95,156.45,0,0,0,0,21-FEB-2022,
OPTIDX,NIFTY,07-Apr-2022,18500,CE,0,0,0,320.15,147.15,0,0,0,0,21-FEB-2022,
OPTIDX,NIFTY,07-Apr-2022,18550,CE,0,0,0,305.85,138.3,0,0,0,0,21-FEB-2022,
OPTIDX,NIFTY,07-Apr-2022,18600,CE,0,0,0,292.05,129.9,0,0,0,0,21-FEB-2022,
OPTIDX,NIFTY,07-Apr-2022,18650,CE,0,0,0,278.75,121.95,0,0,0,0,21-FEB-2022,
OPTIDX,NIFTY,07-Apr-2022,18700,CE,0,0,0,266.65,114.4,0,0,0,0,21-FEB-2022,
OPTIDX,NIFTY,07-Apr-2022,18750,CE,0,0,0,254.4,107.2,0,0,0,0,21-FEB-2022,
OPTIDX,NIFTY,07-Apr-2022,18800,CE,0,0,0,242.6,100.45,0,0,0,0,21-FEB-2022,
OPTIDX,NIFTY,07-Apr-2022,18850,CE,0,0,0,231.25,94,0,0,0,0,21-FEB-2022,
OPTIDX,NIFTY,07-Apr-2022,18900,CE,0,0,0,219.55,87.95,0,0,0,0,21-FEB-2022,
OPTIDX,NIFTY,07-Apr-2022,18950,CE,0,0,0,208.95,82.2,0,0,0,0,21-FEB-2022,
OPTIDX,NIFTY,07-Apr-2022,19000,CE,0,0,0,198.8,76.8,0,0,0,0,21-FEB-2022,
OPTIDX,NIFTY,07-Apr-2022,19050,CE,0,0,0,189.05,71.7,0,0,0,0,21-FEB-2022,
OPTIDX,NIFTY,07-Apr-2022,19100,CE,0,0,0,160.25,66.85,0,0,0,0,21-FEB-2022,
OPTIDX,NIFTY,07-Apr-2022,15350,PE,0,0,0,72.15,33.75,0,0,0,0,21-FEB-2022,
OPTIDX,NIFTY,07-Apr-2022,15400,PE,0,0,0,78.4,37.25,0,0,0,0,21-FEB-2022,
OPTIDX,NIFTY,07-Apr-2022,15450,PE,0,0,0,85.05,41,0,0,0,0,21-FEB-2022,
OPTIDX,NIFTY,07-Apr-2022,15500,PE,0,0,0,92.1,45.05,0,0,0,0,21-FEB-2022,
OPTIDX,NIFTY,07-Apr-2022,15550,PE,0,0,0,99.65,49.4,0,0,0,0,21-FEB-2022,
OPTIDX,NIFTY,07-Apr-2022,15600,PE,0,0,0,107.65,54.15,0,0,0,0,21-FEB-2022,
OPTIDX,NIFTY,07-Apr-2022,15650,PE,0,0,0,116.1,59.2,0,0,0,0,21-FEB-2022,
OPTIDX,NIFTY,07-Apr-2022,15700,PE,0,0,0,90.95,64.65,0,0,0,0,21-FEB-2022,
OPTIDX,NIFTY,07-Apr-2022,15750,PE,0,0,0,97.95,70.45,0,0,0,0,21-FEB-2022,
OPTIDX,NIFTY,07-Apr-2022,15800,PE,0,0,0,105.4,76.7,0,0,0,0,21-FEB-2022,
OPTIDX,NIFTY,07-Apr-2022,15850,PE,0,0,0,113.25,83.4,0,0,0,0,21-FEB-2022,
OPTIDX,NIFTY,07-Apr-2022,15900,PE,0,0,0,121.55,90.5,0,0,0,0,21-FEB-2022,
OPTIDX,NIFTY,07-Apr-2022,15950,PE,0,0,0,130.3,98.1,0,0,0,0,21-FEB-2022,
OPTIDX,NIFTY,07-Apr-2022,16000,PE,0,0,0,98.9,106.15,0,0,0,0,21-FEB-2022,
OPTIDX,NIFTY,07-Apr-2022,16050,PE,0,0,0,107.7,114.7,0,0,0,0,21-FEB-2022,
OPTIDX,NIFTY,07-Apr-2022,16100,PE,0,0,0,115.35,123.8,0,0,0,0,21-FEB-2022,
OPTIDX,NIFTY,07-Apr-2022,16150,PE,0,0,0,123.45,133.4,0,0,0,0,21-FEB-2022,
OPTIDX,NIFTY,07-Apr-2022,16200,PE,0,0,0,131.95,143.55,0,0,0,0,21-FEB-2022,
OPTIDX,NIFTY,07-Apr-2022,16250,PE,0,0,0,140.9,154.3,0,0,0,0,21-FEB-2022,
OPTIDX,NIFTY,07-Apr-2022,16300,PE,0,0,0,150.3,165.65,0,0,0,0,21-FEB-2022,
OPTIDX,NIFTY,07-Apr-2022,16350,PE,0,0,0,160.15,177.55,0,0,0,0,21-FEB-2022,
OPTIDX,NIFTY,07-Apr-2022,16400,PE,0,0,0,170.5,190.7,0,0,0,0,21-FEB-2022,
OPTIDX,NIFTY,07-Apr-2022,16450,PE,0,0,0,181.35,203.8,0,0,0,0,21-FEB-2022,
OPTIDX,NIFTY,07-Apr-2022,16500,PE,0,0,0,192.65,216.85,0,0,0,0,21-FEB-2022,
OPTIDX,NIFTY,07-Apr-2022,16550,PE,0,0,0,204.5,231.35,0,0,0,0,21-FEB-2022,
OPTIDX,NIFTY,07-Apr-2022,16600,PE,0,0,0,217.5,246.5,0,0,0,0,21-FEB-2022,
OPTIDX,NIFTY,07-Apr-2022,16650,PE,0,0,0,230.3,262.35,0,0,0,0,21-FEB-2022,
OPTIDX,NIFTY,07-Apr-2022,16700,PE,0,0,0,243.65,278.9,0,0,0,0,21-FEB-2022,
OPTIDX,NIFTY,07-Apr-2022,16750,PE,0,0,0,256.9,296.15,0,0,0,0,21-FEB-2022,
OPTIDX,NIFTY,07-Apr-2022,16800,PE,0,0,0,271.45,314.1,0,0,0,0,21-FEB-2022,
OPTIDX,NIFTY,07-Apr-2022,16850,PE,0,0,0,286.55,332.75,0,0,0,0,21-FEB-2022,
OPTIDX,NIFTY,07-Apr-2022,16900,PE,0,0,0,302.25,352.15,0,0,0,0,21-FEB-2022,
OPTIDX,NIFTY,07-Apr-2022,16950,PE,0,0,0,318.55,372.3,0,0,0,0,21-FEB-2022,
OPTIDX,NIFTY,07-Apr-2022,17000,PE,360,360,360,360,393.15,1,8.68,50,50,21-FEB-2022,
OPTIDX,NIFTY,07-Apr-2022,17050,PE,0,0,0,352.9,414.75,0,0,0,0,21-FEB-2022,
OPTIDX,NIFTY,07-Apr-2022,17100,PE,0,0,0,371,437.1,0,0,0,0,21-FEB-2022,
OPTIDX,NIFTY,07-Apr-2022,17150,PE,0,0,0,389.65,460.2,0,0,0,0,21-FEB-2022,
OPTIDX,NIFTY,07-Apr-2022,17200,PE,465,465,465,465,484.05,2,17.66,151450,-100,21-FEB-2022,
OPTIDX,NIFTY,07-Apr-2022,17250,PE,420.55,420.55,420.55,420.55,508.55,1,8.83,202000,0,21-FEB-2022,
OPTIDX,NIFTY,07-Apr-2022,17300,PE,469.9,469.9,469.9,469.9,533.85,1,8.88,211100,-50,21-FEB-2022,
OPTIDX,NIFTY,07-Apr-2022,17350,PE,460,460,460,460,559.95,2,17.81,160100,0,21-FEB-2022,
OPTIDX,NIFTY,07-Apr-2022,17400,PE,502.25,502.3,499.2,500.3,586.7,2000,17900.33,765450,100000,21-FEB-2022,
OPTIDX,NIFTY,07-Apr-2022,17450,PE,528.85,528.95,525.5,526.05,614.25,2000,17977.49,765100,100000,21-FEB-2022,
OPTIDX,NIFTY,07-Apr-2022,17500,PE,620.75,620.75,620.75,620.75,642.5,1,9.06,225250,0,21-FEB-2022,
OPTIDX,NIFTY,07-Apr-2022,17550,PE,0,0,0,538.4,671.45,0,0,275400,0,21-FEB-2022,
OPTIDX,NIFTY,07-Apr-2022,17600,PE,677.05,677.05,677.05,677.05,677.05,1,9.13,1051100,0,21-FEB-2022,
OPTIDX,NIFTY,07-Apr-2022,17650,PE,0,0,0,500,731.55,0,0,1000100,0,21-FEB-2022,
OPTIDX,NIFTY,07-Apr-2022,17700,PE,0,0,0,610,762.6,0,0,50,0,21-FEB-2022,
OPTIDX,NIFTY,07-Apr-2022,17750,PE,0,0,0,662.4,794.35,0,0,0,0,21-FEB-2022,
OPTIDX,NIFTY,07-Apr-2022,17800,PE,0,0,0,689.15,826.8,0,0,0,0,21-FEB-2022,
OPTIDX,NIFTY,07-Apr-2022,17850,PE,0,0,0,716.55,859.9,0,0,0,0,21-FEB-2022,
OPTIDX,NIFTY,07-Apr-2022,17900,PE,0,0,0,744.55,893.65,0,0,0,0,21-FEB-2022,
OPTIDX,NIFTY,07-Apr-2022,17950,PE,0,0,0,773.2,928.05,0,0,0,0,21-FEB-2022,
OPTIDX,NIFTY,07-Apr-2022,18000,PE,0,0,0,802.4,963.05,0,0,0,0,21-FEB-2022,
OPTIDX,NIFTY,07-Apr-2022,18050,PE,0,0,0,832.2,998.65,0,0,0,0,21-FEB-2022,
OPTIDX,NIFTY,07-Apr-2022,18100,PE,0,0,0,862.6,1034.85,0,0,0,0,21-FEB-2022,
OPTIDX,NIFTY,07-Apr-2022,18150,PE,0,0,0,893.55,1071.65,0,0,0,0,21-FEB-2022,
OPTIDX,NIFTY,07-Apr-2022,18200,PE,0,0,0,925.1,1109.85,0,0,0,0,21-FEB-2022,
OPTIDX,NIFTY,07-Apr-2022,18250,PE,0,0,0,957.25,1147.85,0,0,0,0,21-FEB-2022,
OPTIDX,NIFTY,07-Apr-2022,18300,PE,0,0,0,989.9,1185.65,0,0,0,0,21-FEB-2022,
OPTIDX,NIFTY,07-Apr-2022,18350,PE,0,0,0,1023.1,1224.6,0,0,0,0,21-FEB-2022,
OPTIDX,NIFTY,07-Apr-2022,18400,PE,0,0,0,1056.9,1264.1,0,0,0,0,21-FEB-2022,
OPTIDX,NIFTY,07-Apr-2022,18450,PE,0,0,0,1091.2,1304.05,0,0,0,0,21-FEB-2022,
OPTIDX,NIFTY,07-Apr-2022,18500,PE,0,0,0,1126,1344.5,0,0,0,0,21-FEB-2022,
OPTIDX,NIFTY,07-Apr-2022,18550,PE,0,0,0,1161.35,1385.4,0,0,0,0,21-FEB-2022,
OPTIDX,NIFTY,07-Apr-2022,18600,PE,0,0,0,1197.15,1426.75,0,0,0,0,21-FEB-2022,
OPTIDX,NIFTY,07-Apr-2022,18650,PE,0,0,0,1233.5,1468.5,0,0,0,0,21-FEB-2022,
OPTIDX,NIFTY,07-Apr-2022,18700,PE,0,0,0,1271.05,1510.7,0,0,0,0,21-FEB-2022,
OPTIDX,NIFTY,07-Apr-2022,18750,PE,0,0,0,1308.45,1553.25,0,0,0,0,21-FEB-2022,
OPTIDX,NIFTY,07-Apr-2022,18800,PE,0,0,0,1346.25,1596.25,0,0,0,0,21-FEB-2022,
OPTIDX,NIFTY,07-Apr-2022,18850,PE,0,0,0,1384.55,1639.55,0,0,0,0,21-FEB-2022,
OPTIDX,NIFTY,07-Apr-2022,18900,PE,0,0,0,1422.5,1683.2,0,0,0,0,21-FEB-2022,
OPTIDX,NIFTY,07-Apr-2022,18950,PE,0,0,0,1461.55,1727.2,0,0,0,0,21-FEB-2022,
OPTIDX,NIFTY,07-Apr-2022,19000,PE,0,0,0,1501.05,1771.55,0,0,0,0,21-FEB-2022,
OPTIDX,NIFTY,07-Apr-2022,19050,PE,0,0,0,1540.95,1816.2,0,0,0,0,21-FEB-2022,
OPTIDX,NIFTY,07-Apr-2022,19100,PE,0,0,0,1531.4,1861.1,0,0,0,0,21-FEB-2022,
OPTIDX,NIFTY,13-Apr-2022,15350,CE,0,0,0,1680.55,1990.5,0,0,0,0,21-FEB-2022,
OPTIDX,NIFTY,13-Apr-2022,15400,CE,0,0,0,1637.7,1944.85,0,0,0,0,21-FEB-2022,
OPTIDX,NIFTY,13-Apr-2022,15450,CE,0,0,0,1595.3,1899.55,0,0,0,0,21-FEB-2022,
OPTIDX,NIFTY,13-Apr-2022,15500,CE,0,0,0,1553.3,1854.5,0,0,0,0,21-FEB-2022,
OPTIDX,NIFTY,13-Apr-2022,15550,CE,0,0,0,1511.8,1809.85,0,0,0,0,21-FEB-2022,
OPTIDX,NIFTY,13-Apr-2022,15600,CE,0,0,0,1470.7,1765.5,0,0,0,0,21-FEB-2022,
OPTIDX,NIFTY,13-Apr-2022,15650,CE,0,0,0,1430.15,1721.55,0,0,0,0,21-FEB-2022,
OPTIDX,NIFTY,13-Apr-2022,15700,CE,0,0,0,1390.05,1678,0,0,0,0,21-FEB-2022,
OPTIDX,NIFTY,13-Apr-2022,15750,CE,0,0,0,1350.45,1634.8,0,0,0,0,21-FEB-2022,
OPTIDX,NIFTY,13-Apr-2022,15800,CE,0,0,0,1311.4,1592.05,0,0,0,0,21-FEB-2022,
OPTIDX,NIFTY,13-Apr-2022,15850,CE,0,0,0,1724.4,1549.7,0,0,0,0,21-FEB-2022,
OPTIDX,NIFTY,13-Apr-2022,15900,CE,0,0,0,1681.75,1507.8,0,0,0,0,21-FEB-2022,
OPTIDX,NIFTY,13-Apr-2022,15950,CE,0,0,0,1639.55,1466.4,0,0,0,0,21-FEB-2022,
OPTIDX,NIFTY,13-Apr-2022,16000,CE,0,0,0,1597.75,1425.45,0,0,0,0,21-FEB-2022,
OPTIDX,NIFTY,13-Apr-2022,16050,CE,0,0,0,1556.4,1385,0,0,0,0,21-FEB-2022,
OPTIDX,NIFTY,13-Apr-2022,16100,CE,0,0,0,1727.05,1345.05,0,0,0,0,21-FEB-2022,
OPTIDX,NIFTY,13-Apr-2022,16150,CE,0,0,0,1685.05,1305.65,0,0,0,0,21-FEB-2022,
OPTIDX,NIFTY,13-Apr-2022,16200,CE,0,0,0,1643.45,1266.75,0,0,0,0,21-FEB-2022,
OPTIDX,NIFTY,13-Apr-2022,16250,CE,0,0,0,1602.3,1228.4,0,0,0,0,21-FEB-2022,
OPTIDX,NIFTY,13-Apr-2022,16300,CE,0,0,0,1561.6,1190.65,0,0,0,0,21-FEB-2022,
OPTIDX,NIFTY,13-Apr-2022,16350,CE,0,0,0,1521.3,1154.1,0,0,0,0,21-FEB-2022,
OPTIDX,NIFTY,13-Apr-2022,16400,CE,0,0,0,1481.5,1117.45,0,0,0,0,21-FEB-2022,
OPTIDX,NIFTY,13-Apr-2022,16450,CE,0,0,0,1442.15,1080.7,0,0,0,0,21-FEB-2022,
OPTIDX,NIFTY,13-Apr-2022,16500,CE,0,0,0,1403.35,1045.35,0,0,0,0,21-FEB-2022,
OPTIDX,NIFTY,13-Apr-2022,16550,CE,0,0,0,1365,1010.65,0,0,0,0,21-FEB-2022,
OPTIDX,NIFTY,13-Apr-2022,16600,CE,0,0,0,1327.15,976.55,0,0,0,0,21-FEB-2022,
OPTIDX,NIFTY,13-Apr-2022,16650,CE,0,0,0,1290.55,943.15,0,0,0,0,21-FEB-2022,
OPTIDX,NIFTY,13-Apr-2022,16700,CE,0,0,0,1253.7,910.35,0,0,0,0,21-FEB-2022,
OPTIDX,NIFTY,13-Apr-2022,16750,CE,0,0,0,1217.4,878.25,0,0,0,0,21-FEB-2022,
OPTIDX,NIFTY,13-Apr-2022,16800,CE,0,0,0,1180.95,846.85,0,0,0,0,21-FEB-2022,
OPTIDX,NIFTY,13-Apr-2022,16850,CE,0,0,0,1145.85,816.1,0,0,0,0,21-FEB-2022,
OPTIDX,NIFTY,13-Apr-2022,16900,CE,0,0,0,1111.35,786,0,0,0,0,21-FEB-2022,
OPTIDX,NIFTY,13-Apr-2022,16950,CE,0,0,0,1077.4,756.65,0,0,0,0,21-FEB-2022,
OPTIDX,NIFTY,13-Apr-2022,17000,CE,0,0,0,1044.05,727.95,0,0,0,0,21-FEB-2022,
OPTIDX,NIFTY,13-Apr-2022,17050,CE,0,0,0,1011.3,699.95,0,0,0,0,21-FEB-2022,
OPTIDX,NIFTY,13-Apr-2022,17100,CE,0,0,0,979.15,672.7,0,0,0,0,21-FEB-2022,
OPTIDX,NIFTY,13-Apr-2022,17150,CE,0,0,0,947.6,646.1,0,0,0,0,21-FEB-2022,
OPTIDX,NIFTY,13-Apr-2022,17200,CE,0,0,0,916.7,620.2,0,0,0,0,21-FEB-2022,
OPTIDX,NIFTY,13-Apr-2022,17250,CE,0,0,0,886.4,594.95,0,0,0,0,21-FEB-2022,
OPTIDX,NIFTY,13-Apr-2022,17300,CE,0,0,0,856.7,570.45,0,0,0,0,21-FEB-2022,
OPTIDX,NIFTY,13-Apr-2022,17350,CE,0,0,0,827.65,546.65,0,0,0,0,21-FEB-2022,
OPTIDX,NIFTY,13-Apr-2022,17400,CE,0,0,0,799.2,523.5,0,0,0,0,21-FEB-2022,
OPTIDX,NIFTY,13-Apr-2022,17450,CE,0,0,0,771.4,501.1,0,0,0,0,21-FEB-2022,
OPTIDX,NIFTY,13-Apr-2022,17500,CE,0,0,0,744.2,479.35,0,0,0,0,21-FEB-2022,
OPTIDX,NIFTY,13-Apr-2022,17550,CE,0,0,0,717.65,458.25,0,0,0,0,21-FEB-2022,
OPTIDX,NIFTY,13-Apr-2022,17600,CE,0,0,0,691.75,437.85,0,0,0,0,21-FEB-2022,
OPTIDX,NIFTY,13-Apr-2022,17650,CE,0,0,0,666.45,418.15,0,0,0,0,21-FEB-2022,
OPTIDX,NIFTY,13-Apr-2022,17700,CE,0,0,0,641.75,399.05,0,0,0,0,21-FEB-2022,
OPTIDX,NIFTY,13-Apr-2022,17750,CE,0,0,0,617.7,380.6,0,0,0,0,21-FEB-2022,
OPTIDX,NIFTY,13-Apr-2022,17800,CE,0,0,0,594.3,362.8,0,0,0,0,21-FEB-2022,
OPTIDX,NIFTY,13-Apr-2022,17850,CE,0,0,0,571.5,345.65,0,0,0,0,21-FEB-2022,
OPTIDX,NIFTY,13-Apr-2022,17900,CE,0,0,0,549.35,329.1,0,0,0,0,21-FEB-2022,
OPTIDX,NIFTY,13-Apr-2022,17950,CE,0,0,0,527.8,313.15,0,0,0,0,21-FEB-2022,
OPTIDX,NIFTY,13-Apr-2022,18000,CE,229.55,229.55,229.55,229.55,297.8,1,9.11,150,50,21-FEB-2022,
OPTIDX,NIFTY,13-Apr-2022,18050,CE,0,0,0,486.5,283,0,0,0,0,21-FEB-2022,
OPTIDX,NIFTY,13-Apr-2022,18100,CE,0,0,0,466.75,268.85,0,0,0,0,21-FEB-2022,
OPTIDX,NIFTY,13-Apr-2022,18150,CE,0,0,0,447.6,255.2,0,0,0,0,21-FEB-2022,
OPTIDX,NIFTY,13-Apr-2022,18200,CE,0,0,0,429.05,242.1,0,0,0,0,21-FEB-2022,
OPTIDX,NIFTY,13-Apr-2022,18250,CE,0,0,0,411.05,230.35,0,0,0,0,21-FEB-2022,
OPTIDX,NIFTY,13-Apr-2022,18300,CE,0,0,0,393.65,218.4,0,0,0,0,21-FEB-2022,
OPTIDX,NIFTY,13-Apr-2022,18350,CE,0,0,0,376.75,206.25,0,0,0,0,21-FEB-2022,
OPTIDX,NIFTY,13-Apr-2022,18400,CE,0,0,0,360.45,195.25,0,0,0,0,21-FEB-2022,
OPTIDX,NIFTY,13-Apr-2022,18450,CE,0,0,0,344.7,184.7,0,0,0,0,21-FEB-2022,
OPTIDX,NIFTY,13-Apr-2022,18500,CE,0,0,0,329.45,174.65,0,0,0,0,21-FEB-2022,
OPTIDX,NIFTY,13-Apr-2022,18550,CE,0,0,0,314.75,165,0,0,0,0,21-FEB-2022,
OPTIDX,NIFTY,13-Apr-2022,18600,CE,0,0,0,300.55,155.85,0,0,0,0,21-FEB-2022,
OPTIDX,NIFTY,13-Apr-2022,18650,CE,0,0,0,286.85,147.05,0,0,0,0,21-FEB-2022,
OPTIDX,NIFTY,13-Apr-2022,18700,CE,0,0,0,273.65,138.7,0,0,0,0,21-FEB-2022,
OPTIDX,NIFTY,13-Apr-2022,18750,CE,0,0,0,261.75,130.75,0,0,0,0,21-FEB-2022,
OPTIDX,NIFTY,13-Apr-2022,18800,CE,0,0,0,249.6,123.2,0,0,0,0,21-FEB-2022,
OPTIDX,NIFTY,13-Apr-2022,18850,CE,0,0,0,237.9,116,0,0,0,0,21-FEB-2022,
OPTIDX,NIFTY,13-Apr-2022,18900,CE,0,0,0,225.9,109.15,0,0,0,0,21-FEB-2022,
OPTIDX,NIFTY,13-Apr-2022,18950,CE,0,0,0,215.05,102.65,0,0,0,0,21-FEB-2022,
OPTIDX,NIFTY,13-Apr-2022,19000,CE,0,0,0,204.6,96.45,0,0,0,0,21-FEB-2022,
OPTIDX,NIFTY,13-Apr-2022,19050,CE,0,0,0,194.55,90.6,0,0,0,0,21-FEB-2022,
OPTIDX,NIFTY,13-Apr-2022,19100,CE,0,0,0,184.9,85.05,0,0,50,0,21-FEB-2022,
OPTIDX,NIFTY,13-Apr-2022,15350,PE,0,0,0,85.4,43.6,0,0,0,0,21-FEB-2022,
OPTIDX,NIFTY,13-Apr-2022,15400,PE,0,0,0,92.25,47.65,0,0,0,0,21-FEB-2022,
OPTIDX,NIFTY,13-Apr-2022,15450,PE,0,0,0,99.5,52.05,0,0,0,0,21-FEB-2022,
OPTIDX,NIFTY,13-Apr-2022,15500,PE,0,0,0,107.15,56.75,0,0,0,0,21-FEB-2022,
OPTIDX,NIFTY,13-Apr-2022,15550,PE,0,0,0,115.3,61.75,0,0,0,0,21-FEB-2022,
OPTIDX,NIFTY,13-Apr-2022,15600,PE,0,0,0,123.9,67.15,0,0,0,0,21-FEB-2022,
OPTIDX,NIFTY,13-Apr-2022,15650,PE,0,0,0,133,72.9,0,0,0,0,21-FEB-2022,
OPTIDX,NIFTY,13-Apr-2022,15700,PE,0,0,0,142.55,79,0,0,0,0,21-FEB-2022,
OPTIDX,NIFTY,13-Apr-2022,15750,PE,0,0,0,152.65,85.55,0,0,0,0,21-FEB-2022,
OPTIDX,NIFTY,13-Apr-2022,15800,PE,0,0,0,163.25,92.5,0,0,0,0,21-FEB-2022,
OPTIDX,NIFTY,13-Apr-2022,15850,PE,0,0,0,92.15,99.85,0,0,0,0,21-FEB-2022,
OPTIDX,NIFTY,13-Apr-2022,15900,PE,0,0,0,99.2,107.7,0,0,0,0,21-FEB-2022,
OPTIDX,NIFTY,13-Apr-2022,15950,PE,0,0,0,106.65,115.95,0,0,0,0,21-FEB-2022,
OPTIDX,NIFTY,13-Apr-2022,16000,PE,0,0,0,114.5,124.75,0,0,0,0,21-FEB-2022,
OPTIDX,NIFTY,13-Apr-2022,16050,PE,0,0,0,122.8,134,0,0,0,0,21-FEB-2022,
OPTIDX,NIFTY,13-Apr-2022,16100,PE,0,0,0,106.5,143.75,0,0,0,0,21-FEB-2022,
OPTIDX,NIFTY,13-Apr-2022,16150,PE,0,0,0,114.15,154.05,0,0,0,0,21-FEB-2022,
OPTIDX,NIFTY,13-Apr-2022,16200,PE,0,0,0,122.2,164.85,0,0,0,0,21-FEB-2022,
OPTIDX,NIFTY,13-Apr-2022,16250,PE,0,0,0,130.65,176.25,0,0,0,0,21-FEB-2022,
OPTIDX,NIFTY,13-Apr-2022,16300,PE,0,0,0,139.6,188.2,0,0,0,0,21-FEB-2022,
OPTIDX,NIFTY,13-Apr-2022,16350,PE,0,0,0,148.95,201.35,0,0,0,0,21-FEB-2022,
OPTIDX,NIFTY,13-Apr-2022,16400,PE,0,0,0,158.8,214.4,0,0,0,0,21-FEB-2022,
OPTIDX,NIFTY,13-Apr-2022,16450,PE,0,0,0,169.1,227.35,0,0,0,0,21-FEB-2022,
OPTIDX,NIFTY,13-Apr-2022,16500,PE,0,0,0,179.9,241.7,0,0,0,0,21-FEB-2022,
OPTIDX,NIFTY,13-Apr-2022,16550,PE,0,0,0,191.2,256.7,0,0,0,0,21-FEB-2022,
OPTIDX,NIFTY,13-Apr-2022,16600,PE,0,0,0,203.05,272.3,0,0,0,0,21-FEB-2022,
OPTIDX,NIFTY,13-Apr-2022,16650,PE,0,0,0,216.05,288.6,0,0,0,0,21-FEB-2022,
OPTIDX,NIFTY,13-Apr-2022,16700,PE,0,0,0,228.85,305.55,0,0,0,0,21-FEB-2022,
OPTIDX,NIFTY,13-Apr-2022,16750,PE,0,0,0,242.2,323.15,0,0,0,0,21-FEB-2022,
OPTIDX,NIFTY,13-Apr-2022,16800,PE,0,0,0,255.4,341.4,0,0,0,0,21-FEB-2022,
OPTIDX,NIFTY,13-Apr-2022,16850,PE,0,0,0,269.95,360.35,0,0,0,0,21-FEB-2022,
OPTIDX,NIFTY,13-Apr-2022,16900,PE,0,0,0,285.1,380,0,0,0,0,21-FEB-2022,
OPTIDX,NIFTY,13-Apr-2022,16950,PE,0,0,0,300.8,400.35,0,0,0,0,21-FEB-2022,
OPTIDX,NIFTY,13-Apr-2022,17000,PE,0,0,0,317.1,421.35,0,0,0,0,21-FEB-2022,
OPTIDX,NIFTY,13-Apr-2022,17050,PE,0,0,0,333.95,443.1,0,0,0,0,21-FEB-2022,
OPTIDX,NIFTY,13-Apr-2022,17100,PE,0,0,0,351.45,465.5,0,0,0,0,21-FEB-2022,
OPTIDX,NIFTY,13-Apr-2022,17150,PE,0,0,0,369.55,488.6,0,0,0,0,21-FEB-2022,
OPTIDX,NIFTY,13-Apr-2022,17200,PE,0,0,0,388.3,512.45,0,0,0,0,21-FEB-2022,
OPTIDX,NIFTY,13-Apr-2022,17250,PE,0,0,0,407.6,536.85,0,0,0,0,21-FEB-2022,
OPTIDX,NIFTY,13-Apr-2022,17300,PE,0,0,0,427.55,562.1,0,0,0,0,21-FEB-2022,
OPTIDX,NIFTY,13-Apr-2022,17350,PE,0,0,0,448.15,588,0,0,0,0,21-FEB-2022,
OPTIDX,NIFTY,13-Apr-2022,17400,PE,0,0,0,469.35,614.55,0,0,0,0,21-FEB-2022,
OPTIDX,NIFTY,13-Apr-2022,17450,PE,0,0,0,491.2,641.85,0,0,0,0,21-FEB-2022,
OPTIDX,NIFTY,13-Apr-2022,17500,PE,0,0,0,513.65,669.8,0,0,0,0,21-FEB-2022,
OPTIDX,NIFTY,13-Apr-2022,17550,PE,0,0,0,536.75,698.45,0,0,0,0,21-FEB-2022,
OPTIDX,NIFTY,13-Apr-2022,17600,PE,0,0,0,560.5,727.75,0,0,0,0,21-FEB-2022,
OPTIDX,NIFTY,13-Apr-2022,17650,PE,0,0,0,584.85,757.7,0,0,0,0,21-FEB-2022,
OPTIDX,NIFTY,13-Apr-2022,17700,PE,0,0,0,609.75,788.35,0,0,0,0,21-FEB-2022,
OPTIDX,NIFTY,13-Apr-2022,17750,PE,0,0,0,635.4,819.6,0,0,0,0,21-FEB-2022,
OPTIDX,NIFTY,13-Apr-2022,17800,PE,0,0,0,661.6,851.5,0,0,0,0,21-FEB-2022,
OPTIDX,NIFTY,13-Apr-2022,17850,PE,0,0,0,688.45,884.05,0,0,0,0,21-FEB-2022,
OPTIDX,NIFTY,13-Apr-2022,17900,PE,0,0,0,715.95,917.2,0,0,0,0,21-FEB-2022,
OPTIDX,NIFTY,13-Apr-2022,17950,PE,0,0,0,744.05,950.95,0,0,0,0,21-FEB-2022,
OPTIDX,NIFTY,13-Apr-2022,18000,PE,0,0,0,772.75,985.3,0,0,0,0,21-FEB-2022,
OPTIDX,NIFTY,13-Apr-2022,18050,PE,0,0,0,802.05,1020.25,0,0,0,0,21-FEB-2022,
OPTIDX,NIFTY,13-Apr-2022,18100,PE,0,0,0,831.95,1055.75,0,0,0,0,21-FEB-2022,
OPTIDX,NIFTY,13-Apr-2022,18150,PE,0,0,0,862.45,1091.85,0,0,0,0,21-FEB-2022,
OPTIDX,NIFTY,13-Apr-2022,18200,PE,0,0,0,893.5,1128.45,0,0,0,0,21-FEB-2022,
OPTIDX,NIFTY,13-Apr-2022,18250,PE,0,0,0,925.15,1166.4,0,0,0,0,21-FEB-2022,
OPTIDX,NIFTY,13-Apr-2022,18300,PE,0,0,0,957.4,1204.15,0,0,0,0,21-FEB-2022,
OPTIDX,NIFTY,13-Apr-2022,18350,PE,0,0,0,990.15,1241.75,0,0,0,0,21-FEB-2022,
OPTIDX,NIFTY,13-Apr-2022,18400,PE,0,0,0,1023.5,1280.4,0,0,0,0,21-FEB-2022,
OPTIDX,NIFTY,13-Apr-2022,18450,PE,0,0,0,1057.35,1319.6,0,0,0,0,21-FEB-2022,
OPTIDX,NIFTY,13-Apr-2022,18500,PE,0,0,0,1091.8,1359.2,0,0,0,0,21-FEB-2022,
OPTIDX,NIFTY,13-Apr-2022,18550,PE,0,0,0,1126.7,1399.3,0,0,0,0,21-FEB-2022,
OPTIDX,NIFTY,13-Apr-2022,18600,PE,0,0,0,1162.15,1439.85,0,0,0,0,21-FEB-2022,
OPTIDX,NIFTY,13-Apr-2022,18650,PE,0,0,0,1198.1,1480.75,0,0,0,0,21-FEB-2022,
OPTIDX,NIFTY,13-Apr-2022,18700,PE,0,0,0,1234.55,1522.15,0,0,0,0,21-FEB-2022,
OPTIDX,NIFTY,13-Apr-2022,18750,PE,0,0,0,1272.3,1563.9,0,0,0,0,21-FEB-2022,
OPTIDX,NIFTY,13-Apr-2022,18800,PE,0,0,0,1309.75,1606,0,0,0,0,21-FEB-2022,
OPTIDX,NIFTY,13-Apr-2022,18850,PE,0,0,0,1347.7,1648.5,0,0,0,0,21-FEB-2022,
OPTIDX,NIFTY,13-Apr-2022,18900,PE,0,0,0,1385.4,1691.4,0,0,0,0,21-FEB-2022,
OPTIDX,NIFTY,13-Apr-2022,18950,PE,0,0,0,1424.15,1734.6,0,0,0,0,21-FEB-2022,
OPTIDX,NIFTY,13-Apr-2022,19000,PE,0,0,0,1463.35,1778.1,0,0,0,0,21-FEB-2022,
OPTIDX,NIFTY,13-Apr-2022,19050,PE,0,0,0,1502.95,1821.95,0,0,0,0,21-FEB-2022,
OPTIDX,NIFTY,13-Apr-2022,19100,PE,0,0,0,1542.95,1866.15,0,0,0,0,21-FEB-2022,
OPTIDX,NIFTY,21-Apr-2022,15800,CE,0,0,0,1731.55,1627.45,0,0,0,0,21-FEB-2022,
OPTIDX,NIFTY,21-Apr-2022,15850,CE,0,0,0,1689.8,1585.95,0,0,0,0,21-FEB-2022,
OPTIDX,NIFTY,21-Apr-2022,15900,CE,0,0,0,1648.45,1544.9,0,0,0,0,21-FEB-2022,
OPTIDX,NIFTY,21-Apr-2022,15950,CE,0,0,0,1607.55,1504.35,0,0,0,0,21-FEB-2022,
OPTIDX,NIFTY,21-Apr-2022,16000,CE,0,0,0,1567.1,1464.25,0,0,0,0,21-FEB-2022,
OPTIDX,NIFTY,21-Apr-2022,16050,CE,0,0,0,1527.1,1424.6,0,0,0,0,21-FEB-2022,
OPTIDX,NIFTY,21-Apr-2022,16100,CE,0,0,0,1487.55,1385.5,0,0,0,0,21-FEB-2022,
OPTIDX,NIFTY,21-Apr-2022,16150,CE,0,0,0,1448.45,1346.9,0,0,0,0,21-FEB-2022,
OPTIDX,NIFTY,21-Apr-2022,16200,CE,0,0,0,1409.85,1308.8,0,0,0,0,21-FEB-2022,
OPTIDX,NIFTY,21-Apr-2022,16250,CE,0,0,0,1371.75,1271.2,0,0,0,0,21-FEB-2022,
OPTIDX,NIFTY,21-Apr-2022,16300,CE,0,0,0,1334.2,1234.8,0,0,0,0,21-FEB-2022,
OPTIDX,NIFTY,21-Apr-2022,16350,CE,0,0,0,1297.75,1198.3,0,0,0,0,21-FEB-2022,
OPTIDX,NIFTY,21-Apr-2022,16400,CE,0,0,0,1261.15,1161.6,0,0,0,0,21-FEB-2022,
OPTIDX,NIFTY,21-Apr-2022,16450,CE,0,0,0,1225.1,1126.3,0,0,0,0,21-FEB-2022,
OPTIDX,NIFTY,21-Apr-2022,16500,CE,0,0,0,1188.95,1091.6,0,0,0,0,21-FEB-2022,
OPTIDX,NIFTY,21-Apr-2022,16550,CE,0,0,0,1154.05,1057.45,0,0,0,0,21-FEB-2022,
OPTIDX,NIFTY,21-Apr-2022,16600,CE,0,0,0,1119.75,1023.95,0,0,0,0,21-FEB-2022,
OPTIDX,NIFTY,21-Apr-2022,16650,CE,0,0,0,1086.05,991.05,0,0,0,0,21-FEB-2022,
OPTIDX,NIFTY,21-Apr-2022,16700,CE,0,0,0,1052.9,958.75,0,0,0,0,21-FEB-2022,
OPTIDX,NIFTY,21-Apr-2022,16750,CE,0,0,0,1020.35,927.05,0,0,0,0,21-FEB-2022,
OPTIDX,NIFTY,21-Apr-2022,16800,CE,0,0,0,988.4,896.05,0,0,0,0,21-FEB-2022,
OPTIDX,NIFTY,21-Apr-2022,16850,CE,0,0,0,957.05,865.65,0,0,0,0,21-FEB-2022,
OPTIDX,NIFTY,21-Apr-2022,16900,CE,0,0,0,926.25,835.85,0,0,0,0,21-FEB-2022,
OPTIDX,NIFTY,21-Apr-2022,16950,CE,0,0,0,896.1,806.75,0,0,0,0,21-FEB-2022,
OPTIDX,NIFTY,21-Apr-2022,17000,CE,0,0,0,866.6,778.25,0,0,0,0,21-FEB-2022,
OPTIDX,NIFTY,21-Apr-2022,17050,CE,0,0,0,837.65,750.45,0,0,0,0,21-FEB-2022,
OPTIDX,NIFTY,21-Apr-2022,17100,CE,0,0,0,809.35,723.25,0,0,0,0,21-FEB-2022,
OPTIDX,NIFTY,21-Apr-2022,17150,CE,0,0,0,781.65,696.75,0,0,0,0,21-FEB-2022,
OPTIDX,NIFTY,21-Apr-2022,17200,CE,0,0,0,754.6,670.85,0,0,0,0,21-FEB-2022,
OPTIDX,NIFTY,21-Apr-2022,17250,CE,0,0,0,728.15,645.6,0,0,0,0,21-FEB-2022,
OPTIDX,NIFTY,21-Apr-2022,17300,CE,702.3,702.3,226.75,226.75,620.95,2,17.76,100,-50,21-FEB-2022,
OPTIDX,NIFTY,21-Apr-2022,17350,CE,0,0,0,677.1,597,0,0,0,0,21-FEB-2022,
OPTIDX,NIFTY,21-Apr-2022,17400,CE,0,0,0,652.45,573.7,0,0,0,0,21-FEB-2022,
OPTIDX,NIFTY,21-Apr-2022,17450,CE,0,0,0,628.5,551.05,0,0,0,0,21-FEB-2022,
OPTIDX,NIFTY,21-Apr-2022,17500,CE,0,0,0,605.1,529,0,0,0,0,21-FEB-2022,
OPTIDX,NIFTY,21-Apr-2022,17550,CE,0,0,0,582.35,507.6,0,0,0,0,21-FEB-2022,
OPTIDX,NIFTY,21-Apr-2022,17600,CE,0,0,0,560.2,486.85,0,0,0,0,21-FEB-2022,
OPTIDX,NIFTY,21-Apr-2022,17650,CE,0,0,0,538.65,466.7,0,0,0,0,21-FEB-2022,
OPTIDX,NIFTY,21-Apr-2022,17700,CE,0,0,0,517.7,447.15,0,0,0,0,21-FEB-2022,
OPTIDX,NIFTY,21-Apr-2022,17750,CE,0,0,0,497.35,428.2,0,0,0,0,21-FEB-2022,
OPTIDX,NIFTY,21-Apr-2022,17800,CE,0,0,0,477.6,409.85,0,0,0,0,21-FEB-2022,
OPTIDX,NIFTY,21-Apr-2022,17850,CE,0,0,0,458.4,392.1,0,0,0,0,21-FEB-2022,
OPTIDX,NIFTY,21-Apr-2022,17900,CE,0,0,0,439.8,374.95,0,0,0,0,21-FEB-2022,
OPTIDX,NIFTY,21-Apr-2022,17950,CE,0,0,0,421.75,358.35,0,0,0,0,21-FEB-2022,
OPTIDX,NIFTY,21-Apr-2022,18000,CE,0,0,0,404.25,342.3,0,0,0,0,21-FEB-2022,
OPTIDX,NIFTY,21-Apr-2022,18050,CE,0,0,0,387.3,326.85,0,0,0,0,21-FEB-2022,
OPTIDX,NIFTY,21-Apr-2022,18100,CE,0,0,0,370.9,311.9,0,0,0,0,21-FEB-2022,
OPTIDX,NIFTY,21-Apr-2022,18150,CE,0,0,0,355.05,297.5,0,0,0,0,21-FEB-2022,
OPTIDX,NIFTY,21-Apr-2022,18200,CE,0,0,0,339.7,283.6,0,0,0,0,21-FEB-2022,
OPTIDX,NIFTY,21-Apr-2022,18250,CE,0,0,0,324.9,270.25,0,0,0,0,21-FEB-2022,
OPTIDX,NIFTY,21-Apr-2022,18300,CE,0,0,0,310.6,257.35,0,0,0,0,21-FEB-2022,
OPTIDX,NIFTY,21-Apr-2022,18350,CE,0,0,0,296.75,245.8,0,0,0,0,21-FEB-2022,
OPTIDX,NIFTY,21-Apr-2022,18400,CE,0,0,0,283.45,234,0,0,0,0,21-FEB-2022,
OPTIDX,NIFTY,21-Apr-2022,18450,CE,0,0,0,270.6,221.95,0,0,0,0,21-FEB-2022,
OPTIDX,NIFTY,21-Apr-2022,18500,CE,0,0,0,259,211,0,0,0,0,21-FEB-2022,
OPTIDX,NIFTY,21-Apr-2022,18550,CE,0,0,0,247.15,200.45,0,0,0,0,21-FEB-2022,
OPTIDX,NIFTY,21-Apr-2022,18600,CE,0,0,0,235.75,190.35,0,0,0,0,21-FEB-2022,
OPTIDX,NIFTY,21-Apr-2022,18650,CE,0,0,0,224.05,180.7,0,0,0,0,21-FEB-2022,
OPTIDX,NIFTY,21-Apr-2022,18700,CE,0,0,0,213.4,171.45,0,0,0,0,21-FEB-2022,
OPTIDX,NIFTY,21-Apr-2022,18750,CE,0,0,0,203.2,162.55,0,0,0,0,21-FEB-2022,
OPTIDX,NIFTY,21-Apr-2022,18800,CE,0,0,0,193.4,154.05,0,0,0,0,21-FEB-2022,
OPTIDX,NIFTY,21-Apr-2022,15800,PE,0,0,0,112.55,113.35,0,0,0,0,21-FEB-2022,
OPTIDX,NIFTY,21-Apr-2022,15850,PE,0,0,0,120.45,121.55,0,0,0,0,21-FEB-2022,
OPTIDX,NIFTY,21-Apr-2022,15900,PE,0,0,0,128.75,130.2,0,0,0,0,21-FEB-2022,
OPTIDX,NIFTY,21-Apr-2022,15950,PE,0,0,0,137.5,139.25,0,0,0,0,21-FEB-2022,
OPTIDX,NIFTY,21-Apr-2022,16000,PE,0,0,0,146.65,148.8,0,0,0,0,21-FEB-2022,
OPTIDX,NIFTY,21-Apr-2022,16050,PE,0,0,0,156.25,158.85,0,0,0,0,21-FEB-2022,
OPTIDX,NIFTY,21-Apr-2022,16100,PE,0,0,0,166.35,169.4,0,0,0,0,21-FEB-2022,
OPTIDX,NIFTY,21-Apr-2022,16150,PE,0,0,0,176.9,180.45,0,0,0,0,21-FEB-2022,
OPTIDX,NIFTY,21-Apr-2022,16200,PE,0,0,0,187.95,192,0,0,0,0,21-FEB-2022,
OPTIDX,NIFTY,21-Apr-2022,16250,PE,0,0,0,199.5,204.1,0,0,0,0,21-FEB-2022,
OPTIDX,NIFTY,21-Apr-2022,16300,PE,0,0,0,211.6,217.35,0,0,0,0,21-FEB-2022,
OPTIDX,NIFTY,21-Apr-2022,16350,PE,0,0,0,224.8,230.5,0,0,0,0,21-FEB-2022,
OPTIDX,NIFTY,21-Apr-2022,16400,PE,0,0,0,237.8,243.45,0,0,0,0,21-FEB-2022,
OPTIDX,NIFTY,21-Apr-2022,16450,PE,0,0,0,251.4,257.8,0,0,0,0,21-FEB-2022,
OPTIDX,NIFTY,21-Apr-2022,16500,PE,0,0,0,264.85,272.75,0,0,0,0,21-FEB-2022,
OPTIDX,NIFTY,21-Apr-2022,16550,PE,0,0,0,279.65,288.3,0,0,0,0,21-FEB-2022,
OPTIDX,NIFTY,21-Apr-2022,16600,PE,0,0,0,295,304.45,0,0,0,0,21-FEB-2022,
OPTIDX,NIFTY,21-Apr-2022,16650,PE,0,0,0,310.9,321.2,0,0,0,0,21-FEB-2022,
OPTIDX,NIFTY,21-Apr-2022,16700,PE,0,0,0,327.4,338.55,0,0,0,0,21-FEB-2022,
OPTIDX,NIFTY,21-Apr-2022,16750,PE,0,0,0,344.45,356.55,0,0,0,0,21-FEB-2022,
OPTIDX,NIFTY,21-Apr-2022,16800,PE,0,0,0,362.15,375.2,0,0,0,0,21-FEB-2022,
OPTIDX,NIFTY,21-Apr-2022,16850,PE,0,0,0,380.45,394.45,0,0,0,0,21-FEB-2022,
OPTIDX,NIFTY,21-Apr-2022,16900,PE,0,0,0,399.3,414.35,0,0,0,0,21-FEB-2022,
OPTIDX,NIFTY,21-Apr-2022,16950,PE,0,0,0,418.8,434.85,0,0,0,0,21-FEB-2022,
OPTIDX,NIFTY,21-Apr-2022,17000,PE,0,0,0,438.9,456.05,0,0,0,0,21-FEB-2022,
OPTIDX,NIFTY,21-Apr-2022,17050,PE,0,0,0,459.6,477.9,0,0,0,0,21-FEB-2022,
OPTIDX,NIFTY,21-Apr-2022,17100,PE,0,0,0,480.95,500.35,0,0,0,0,21-FEB-2022,
OPTIDX,NIFTY,21-Apr-2022,17150,PE,0,0,0,502.9,523.5,0,0,0,0,21-FEB-2022,
OPTIDX,NIFTY,21-Apr-2022,17200,PE,0,0,0,525.45,547.25,0,0,0,0,21-FEB-2022,
OPTIDX,NIFTY,21-Apr-2022,17250,PE,0,0,0,548.65,571.7,0,0,0,0,21-FEB-2022,
OPTIDX,NIFTY,21-Apr-2022,17300,PE,0,0,0,572.45,596.7,0,0,0,0,21-FEB-2022,
OPTIDX,NIFTY,21-Apr-2022,17350,PE,0,0,0,596.9,622.4,0,0,0,0,21-FEB-2022,
OPTIDX,NIFTY,21-Apr-2022,17400,PE,0,0,0,621.85,648.75,0,0,0,0,21-FEB-2022,
OPTIDX,NIFTY,21-Apr-2022,17450,PE,0,0,0,647.55,675.75,0,0,0,0,21-FEB-2022,
OPTIDX,NIFTY,21-Apr-2022,17500,PE,0,0,0,673.8,703.4,0,0,0,0,21-FEB-2022,
OPTIDX,NIFTY,21-Apr-2022,17550,PE,0,0,0,700.7,731.65,0,0,0,0,21-FEB-2022,
OPTIDX,NIFTY,21-Apr-2022,17600,PE,0,0,0,728.2,760.55,0,0,0,0,21-FEB-2022,
OPTIDX,NIFTY,21-Apr-2022,17650,PE,0,0,0,756.3,790.05,0,0,0,0,21-FEB-2022,
OPTIDX,NIFTY,21-Apr-2022,17700,PE,0,0,0,784.95,820.15,0,0,0,0,21-FEB-2022,
OPTIDX,NIFTY,21-Apr-2022,17750,PE,0,0,0,814.25,850.9,0,0,0,0,21-FEB-2022,
OPTIDX,NIFTY,21-Apr-2022,17800,PE,0,0,0,844.1,882.2,0,0,0,0,21-FEB-2022,
OPTIDX,NIFTY,21-Apr-2022,17850,PE,0,0,0,874.55,914.1,0,0,0,0,21-FEB-2022,
OPTIDX,NIFTY,21-Apr-2022,17900,PE,0,0,0,905.6,946.6,0,0,0,0,21-FEB-2022,
OPTIDX,NIFTY,21-Apr-2022,17950,PE,0,0,0,937.2,979.65,0,0,0,0,21-FEB-2022,
OPTIDX,NIFTY,21-Apr-2022,18000,PE,0,0,0,969.35,1013.3,0,0,0,0,21-FEB-2022,
OPTIDX,NIFTY,21-Apr-2022,18050,PE,0,0,0,1002.05,1047.45,0,0,0,0,21-FEB-2022,
OPTIDX,NIFTY,21-Apr-2022,18100,PE,0,0,0,1035.25,1082.2,0,0,0,0,21-FEB-2022,
OPTIDX,NIFTY,21-Apr-2022,18150,PE,0,0,0,1069.05,1117.45,0,0,0,0,21-FEB-2022,
OPTIDX,NIFTY,21-Apr-2022,18200,PE,0,0,0,1103.35,1153.25,0,0,0,0,21-FEB-2022,
OPTIDX,NIFTY,21-Apr-2022,18250,PE,0,0,0,1138.15,1189.5,0,0,0,0,21-FEB-2022,
OPTIDX,NIFTY,21-Apr-2022,18300,PE,0,0,0,1173.5,1226.3,0,0,0,0,21-FEB-2022,
OPTIDX,NIFTY,21-Apr-2022,18350,PE,0,0,0,1209.3,1264.45,0,0,0,0,21-FEB-2022,
OPTIDX,NIFTY,21-Apr-2022,18400,PE,0,0,0,1245.6,1302.25,0,0,0,0,21-FEB-2022,
OPTIDX,NIFTY,21-Apr-2022,18450,PE,0,0,0,1282.4,1339.9,0,0,0,0,21-FEB-2022,
OPTIDX,NIFTY,21-Apr-2022,18500,PE,0,0,0,1320.45,1378.6,0,0,0,0,21-FEB-2022,
OPTIDX,NIFTY,21-Apr-2022,18550,PE,0,0,0,1358.25,1417.7,0,0,0,0,21-FEB-2022,
OPTIDX,NIFTY,21-Apr-2022,18600,PE,0,0,0,1396.5,1457.3,0,0,0,0,21-FEB-2022,
OPTIDX,NIFTY,21-Apr-2022,18650,PE,0,0,0,1434.4,1497.25,0,0,0,0,21-FEB-2022,
OPTIDX,NIFTY,21-Apr-2022,18700,PE,0,0,0,1473.45,1537.65,0,0,0,0,21-FEB-2022,
OPTIDX,NIFTY,21-Apr-2022,18750,PE,0,0,0,1512.85,1578.45,0,0,0,0,21-FEB-2022,
OPTIDX,NIFTY,21-Apr-2022,18800,PE,0,0,0,1552.7,1619.6,0,0,0,0,21-FEB-2022,
OPTIDX,NIFTY,28-Apr-2022,15350,CE,0,0,0,2003.1,2043.2,0,0,0,0,21-FEB-2022,
OPTIDX,NIFTY,28-Apr-2022,15400,CE,1977,1977,1977,1977,1998.95,1,8.68,50,50,21-FEB-2022,
OPTIDX,NIFTY,28-Apr-2022,15450,CE,0,0,0,1657.25,1955.1,0,0,0,0,21-FEB-2022,
OPTIDX,NIFTY,28-Apr-2022,15500,CE,1859,2020,1859,1915,1911.55,11,95.96,600,350,21-FEB-2022,
OPTIDX,NIFTY,28-Apr-2022,15550,CE,0,0,0,1576.4,1868.35,0,0,0,0,21-FEB-2022,
OPTIDX,NIFTY,28-Apr-2022,15600,CE,1906.4,1906.4,1906.4,1906.4,1825.5,1,8.75,150,0,21-FEB-2022,
OPTIDX,NIFTY,28-Apr-2022,15650,CE,0,0,0,1793.35,1783.05,0,0,0,0,21-FEB-2022,
OPTIDX,NIFTY,28-Apr-2022,15700,CE,0,0,0,1854.35,1741,0,0,50,0,21-FEB-2022,
OPTIDX,NIFTY,28-Apr-2022,15750,CE,0,0,0,1714.3,1699.35,0,0,0,0,21-FEB-2022,
OPTIDX,NIFTY,28-Apr-2022,15800,CE,0,0,0,1392,1658.1,0,0,50,0,21-FEB-2022,
OPTIDX,NIFTY,28-Apr-2022,15850,CE,0,0,0,1636.9,1617.3,0,0,0,0,21-FEB-2022,
OPTIDX,NIFTY,28-Apr-2022,15900,CE,0,0,0,1713.15,1576.9,0,0,50,0,21-FEB-2022,
OPTIDX,NIFTY,28-Apr-2022,15950,CE,0,0,0,1561.25,1536.95,0,0,0,0,21-FEB-2022,
OPTIDX,NIFTY,28-Apr-2022,16000,CE,1540,1587.9,1400,1479.75,1479.75,146,1277.14,13600,950,21-FEB-2022,
OPTIDX,NIFTY,28-Apr-2022,16050,CE,0,0,0,1487.95,1458.5,0,0,0,0,21-FEB-2022,
OPTIDX,NIFTY,28-Apr-2022,16100,CE,0,0,0,1492.05,1420,0,0,100,0,21-FEB-2022,
OPTIDX,NIFTY,28-Apr-2022,16150,CE,0,0,0,1415.8,1381.95,0,0,0,0,21-FEB-2022,
OPTIDX,NIFTY,28-Apr-2022,16200,CE,1251,1251,1251,1251,1344.45,1,8.72,200,0,21-FEB-2022,
OPTIDX,NIFTY,28-Apr-2022,16250,CE,0,0,0,1344.95,1308.1,0,0,0,0,21-FEB-2022,
OPTIDX,NIFTY,28-Apr-2022,16300,CE,0,0,0,1340.7,1271.55,0,0,150,0,21-FEB-2022,
OPTIDX,NIFTY,28-Apr-2022,16350,CE,0,0,0,1276.85,1235.55,0,0,0,0,21-FEB-2022,
OPTIDX,NIFTY,28-Apr-2022,16400,CE,0,0,0,1211.65,1199.45,0,0,150,0,21-FEB-2022,
OPTIDX,NIFTY,28-Apr-2022,16450,CE,0,0,0,1210.75,1164.6,0,0,0,0,21-FEB-2022,
OPTIDX,NIFTY,28-Apr-2022,16500,CE,1118,1185.4,1020,1091.7,1130.35,88,774.64,12000,150,21-FEB-2022,
OPTIDX,NIFTY,28-Apr-2022,16550,CE,0,0,0,1146.65,1096.65,0,0,0,0,21-FEB-2022,
OPTIDX,NIFTY,28-Apr-2022,16600,CE,0,0,0,1085.05,1063.55,0,0,150,0,21-FEB-2022,
OPTIDX,NIFTY,28-Apr-2022,16650,CE,0,0,0,1084.65,1031,0,0,0,0,21-FEB-2022,
OPTIDX,NIFTY,28-Apr-2022,16700,CE,895,973.85,895,973.85,999.05,3,26.43,100,50,21-FEB-2022,
OPTIDX,NIFTY,28-Apr-2022,16750,CE,0,0,0,1024.75,967.7,0,0,0,0,21-FEB-2022,
OPTIDX,NIFTY,28-Apr-2022,16800,CE,874,937.15,862,876.85,876.85,8,70.71,750,0,21-FEB-2022,
OPTIDX,NIFTY,28-Apr-2022,16850,CE,0,0,0,927.8,906.8,0,0,50,0,21-FEB-2022,
OPTIDX,NIFTY,28-Apr-2022,16900,CE,784.6,900,784.6,811.35,811.35,7,62,1300,-50,21-FEB-2022,
OPTIDX,NIFTY,28-Apr-2022,16950,CE,0,0,0,884.1,848.35,0,0,50,0,21-FEB-2022,
OPTIDX,NIFTY,28-Apr-2022,17000,CE,751.7,835.85,691,752.95,752.95,582,5165.26,63500,-500,21-FEB-2022,
OPTIDX,NIFTY,28-Apr-2022,17050,CE,0,0,0,805.15,792.3,0,0,50,0,21-FEB-2022,
OPTIDX,NIFTY,28-Apr-2022,17100,CE,683.1,760,634.3,679.35,679.35,88,782.69,1750,750,21-FEB-2022,
OPTIDX,NIFTY,28-Apr-2022,17150,CE,652.3,705.45,645.8,649.6,649.6,8,71.27,150,150,21-FEB-2022,
OPTIDX,NIFTY,28-Apr-2022,17200,CE,621.6,698.2,577.55,631,631,177,1578.38,4200,1800,21-FEB-2022,
OPTIDX,NIFTY,28-Apr-2022,17250,CE,768,768,586.3,586.3,687.55,2,17.92,100,50,21-FEB-2022,
OPTIDX,NIFTY,28-Apr-2022,17300,CE,579,646.05,525.25,575.4,575.4,217,1940.47,11700,950,21-FEB-2022,
OPTIDX,NIFTY,28-Apr-2022,17350,CE,521.4,558.5,521.4,538.45,538.45,5,44.73,300,0,21-FEB-2022,
OPTIDX,NIFTY,28-Apr-2022,17400,CE,506,586,479.25,527.05,527.05,207,1855.3,9000,1500,21-FEB-2022,
OPTIDX,NIFTY,28-Apr-2022,17450,CE,0,0,0,664.95,592.5,0,0,0,0,21-FEB-2022,
OPTIDX,NIFTY,28-Apr-2022,17500,CE,480,530,428.35,466.1,466.1,1651,14837.37,119650,4850,21-FEB-2022,
OPTIDX,NIFTY,28-Apr-2022,17550,CE,421,450,420.35,444.4,444.4,11,98.93,50,-250,21-FEB-2022,
OPTIDX,NIFTY,28-Apr-2022,17600,CE,409.95,470.15,375.85,421.25,421.25,262,2361.43,7650,1500,21-FEB-2022,
OPTIDX,NIFTY,28-Apr-2022,17650,CE,0,0,0,581.05,507.15,0,0,0,0,21-FEB-2022,
OPTIDX,NIFTY,28-Apr-2022,17700,CE,359.45,425.5,334.15,374.15,374.15,296,2676.68,5000,-250,21-FEB-2022,
OPTIDX,NIFTY,28-Apr-2022,17750,CE,325.4,391.4,325.4,351.45,467.95,3,27.15,250,0,21-FEB-2022,
OPTIDX,NIFTY,28-Apr-2022,17800,CE,332.1,369.35,296.35,327.95,327.95,79,715.92,14100,750,21-FEB-2022,
OPTIDX,NIFTY,28-Apr-2022,17850,CE,0,0,0,519.05,431.05,0,0,100,0,21-FEB-2022,
OPTIDX,NIFTY,28-Apr-2022,17900,CE,290.05,331.8,262.6,291.65,291.65,97,882.44,5600,-1650,21-FEB-2022,
OPTIDX,NIFTY,28-Apr-2022,17950,CE,0,0,0,470.1,396.35,0,0,0,0,21-FEB-2022,
OPTIDX,NIFTY,28-Apr-2022,18000,CE,250.4,296.75,211.05,259.6,259.6,2132,19466.57,107650,-3550,21-FEB-2022,
OPTIDX,NIFTY,28-Apr-2022,18050,CE,0,0,0,436.95,363.8,0,0,0,0,21-FEB-2022,
OPTIDX,NIFTY,28-Apr-2022,18100,CE,218.45,255.05,207.2,226.1,226.1,41,375.73,2400,100,21-FEB-2022,
OPTIDX,NIFTY,28-Apr-2022,18150,CE,0,0,0,405.6,333.35,0,0,0,0,21-FEB-2022,
OPTIDX,NIFTY,28-Apr-2022,18200,CE,198,239.95,185,202.45,202.45,203,1868.46,11200,350,21-FEB-2022,
OPTIDX,NIFTY,28-Apr-2022,18250,CE,0,0,0,376.05,304.9,0,0,0,0,21-FEB-2022,
OPTIDX,NIFTY,28-Apr-2022,18300,CE,171.85,199.75,160,173.05,173.05,77,711.45,4900,-450,21-FEB-2022,
OPTIDX,NIFTY,28-Apr-2022,18350,CE,0,0,0,348.2,278.4,0,0,0,0,21-FEB-2022,
OPTIDX,NIFTY,28-Apr-2022,18400,CE,150,175.2,137.7,152.05,152.05,268,2486.54,4850,-500,21-FEB-2022,
OPTIDX,NIFTY,28-Apr-2022,18450,CE,0,0,0,160,254.65,0,0,400,0,21-FEB-2022,
OPTIDX,NIFTY,28-Apr-2022,18500,CE,129.2,166.75,115.35,129.7,129.7,2537,23633.31,102850,10250,21-FEB-2022,
OPTIDX,NIFTY,28-Apr-2022,18550,CE,0,0,0,298.3,231.2,0,0,0,0,21-FEB-2022,
OPTIDX,NIFTY,28-Apr-2022,18600,CE,109.4,125.4,99.05,110.95,110.95,95,888.67,6350,100,21-FEB-2022,
OPTIDX,NIFTY,28-Apr-2022,18650,CE,0,0,0,320.4,210.05,0,0,0,0,21-FEB-2022,
OPTIDX,NIFTY,28-Apr-2022,18700,CE,99.8,108.65,90.65,95,95,22,206.77,3550,300,21-FEB-2022,
OPTIDX,NIFTY,28-Apr-2022,18750,CE,0,0,0,296.5,190.5,0,0,0,0,21-FEB-2022,
OPTIDX,NIFTY,28-Apr-2022,18800,CE,83,94.45,78.5,79.9,79.9,100,944.24,8650,1050,21-FEB-2022,
OPTIDX,NIFTY,28-Apr-2022,18850,CE,0,0,0,273.45,172.5,0,0,0,0,21-FEB-2022,
OPTIDX,NIFTY,28-Apr-2022,18900,CE,72.25,72.3,68,69,69,47,445.79,2700,350,21-FEB-2022,
OPTIDX,NIFTY,28-Apr-2022,18950,CE,0,0,0,310.85,155.9,0,0,0,0,21-FEB-2022,
OPTIDX,NIFTY,28-Apr-2022,19000,CE,57.05,68.5,55,60.5,60.5,1315,12532.27,89850,14300,21-FEB-2022,
OPTIDX,NIFTY,28-Apr-2022,19050,CE,0,0,0,287,140.65,0,0,0,0,21-FEB-2022,
OPTIDX,NIFTY,28-Apr-2022,19100,CE,44.5,54.65,43,53.95,53.95,36,344.69,1600,1200,21-FEB-2022,
OPTIDX,NIFTY,28-Apr-2022,19150,CE,0,0,0,315.85,126.7,0,0,0,0,21-FEB-2022,
OPTIDX,NIFTY,28-Apr-2022,19200,CE,46.95,46.95,46.95,46.95,120.15,1,9.62,50,0,21-FEB-2022,
OPTIDX,NIFTY,28-Apr-2022,19250,CE,0,0,0,291.85,113.9,0,0,0,0,21-FEB-2022,
OPTIDX,NIFTY,28-Apr-2022,19300,CE,35.85,41,35,37.2,37.2,73,705.77,10250,1400,21-FEB-2022,
OPTIDX,NIFTY,28-Apr-2022,15350,PE,120,120,105,105,69.85,16,123.64,2150,50,21-FEB-2022,
OPTIDX,NIFTY,28-Apr-2022,15400,PE,126.9,144.55,72.6,122,122,38,294.86,2200,350,21-FEB-2022,
OPTIDX,NIFTY,28-Apr-2022,15450,PE,0,0,0,134.9,81,0,0,0,0,21-FEB-2022,
OPTIDX,NIFTY,28-Apr-2022,15500,PE,127.9,143.05,112,127.2,127.2,959,7492.72,57500,10400,21-FEB-2022,
OPTIDX,NIFTY,28-Apr-2022,15550,PE,0,0,0,128.25,93.5,0,0,100,0,21-FEB-2022,
OPTIDX,NIFTY,28-Apr-2022,15600,PE,136,156.3,120,135.8,135.8,238,1872.59,52800,0,21-FEB-2022,
OPTIDX,NIFTY,28-Apr-2022,15650,PE,0,0,0,95,107.45,0,0,50,0,21-FEB-2022,
OPTIDX,NIFTY,28-Apr-2022,15700,PE,164,169,132.45,148.65,148.65,39,309.03,8250,400,21-FEB-2022,
OPTIDX,NIFTY,28-Apr-2022,15750,PE,0,0,0,151.05,122.95,0,0,50,0,21-FEB-2022,
OPTIDX,NIFTY,28-Apr-2022,15800,PE,168,188.85,150.5,164.4,164.4,218,1740.36,20150,-750,21-FEB-2022,
OPTIDX,NIFTY,28-Apr-2022,15850,PE,0,0,0,211.65,140.15,0,0,0,0,21-FEB-2022,
OPTIDX,NIFTY,28-Apr-2022,15900,PE,179.55,201,161.95,179.25,179.25,106,852.14,15250,-800,21-FEB-2022,
OPTIDX,NIFTY,28-Apr-2022,15950,PE,0,0,0,234.95,159.05,0,0,0,0,21-FEB-2022,
OPTIDX,NIFTY,28-Apr-2022,16000,PE,208.95,219.35,169.15,192.8,192.8,1637,13255.76,232650,7300,21-FEB-2022,
OPTIDX,NIFTY,28-Apr-2022,16050,PE,0,0,0,260.6,179.85,0,0,0,0,21-FEB-2022,
OPTIDX,NIFTY,28-Apr-2022,16100,PE,217.8,232.65,189.7,209.5,209.5,36,293.66,5000,350,21-FEB-2022,
OPTIDX,NIFTY,28-Apr-2022,16150,PE,215,215,215,215,202.55,1,8.18,50,50,21-FEB-2022,
OPTIDX,NIFTY,28-Apr-2022,16200,PE,248.8,248.8,197.2,234.55,234.55,35,287.49,3100,250,21-FEB-2022,
OPTIDX,NIFTY,28-Apr-2022,16250,PE,0,0,0,315.55,227.9,0,0,0,0,21-FEB-2022,
OPTIDX,NIFTY,28-Apr-2022,16300,PE,258.75,272,227.95,252.3,252.3,114,943.43,9700,1000,21-FEB-2022,
OPTIDX,NIFTY,28-Apr-2022,16350,PE,0,0,0,346.4,254.6,0,0,0,0,21-FEB-2022,
OPTIDX,NIFTY,28-Apr-2022,16400,PE,294.5,301.95,236.5,272.35,272.35,223,1858.6,4300,300,21-FEB-2022,
OPTIDX,NIFTY,28-Apr-2022,16450,PE,0,0,0,379.25,282.9,0,0,0,0,21-FEB-2022,
OPTIDX,NIFTY,28-Apr-2022,16500,PE,290,332,259.9,295.4,295.4,1045,8776.04,211350,300,21-FEB-2022,
OPTIDX,NIFTY,28-Apr-2022,16550,PE,0,0,0,266.15,314.2,0,0,0,0,21-FEB-2022,
OPTIDX,NIFTY,28-Apr-2022,16600,PE,338.5,353.25,291.3,315.7,315.7,71,600.61,7450,750,21-FEB-2022,
OPTIDX,NIFTY,28-Apr-2022,16650,PE,0,0,0,451.1,347.8,0,0,0,0,21-FEB-2022,
OPTIDX,NIFTY,28-Apr-2022,16700,PE,342.75,382,314.35,349.4,349.4,61,520.01,2600,-500,21-FEB-2022,
OPTIDX,NIFTY,28-Apr-2022,16750,PE,0,0,0,490.15,383.75,0,0,0,0,21-FEB-2022,
OPTIDX,NIFTY,28-Apr-2022,16800,PE,382.15,424.95,341,382.85,382.85,182,1563.33,11450,2200,21-FEB-2022,
OPTIDX,NIFTY,28-Apr-2022,16850,PE,399.55,399.55,399.55,399.55,399.55,1,8.62,100,50,21-FEB-2022,
OPTIDX,NIFTY,28-Apr-2022,16900,PE,433,450,363.8,411.35,411.35,115,995.36,3650,950,21-FEB-2022,
OPTIDX,NIFTY,28-Apr-2022,16950,PE,0,0,0,397,462.85,0,0,900,0,21-FEB-2022,
OPTIDX,NIFTY,28-Apr-2022,17000,PE,458.85,500,393.35,449.8,449.8,1902,16592.44,247200,3050,21-FEB-2022,
OPTIDX,NIFTY,28-Apr-2022,17050,PE,450,477,450,474.7,474.7,20,175.18,1300,1000,21-FEB-2022,
OPTIDX,NIFTY,28-Apr-2022,17100,PE,470.25,536.65,432.45,484.5,484.5,237,2084.01,8150,-50,21-FEB-2022,
OPTIDX,NIFTY,28-Apr-2022,17150,PE,0,0,0,471.8,551.7,0,0,0,0,21-FEB-2022,
OPTIDX,NIFTY,28-Apr-2022,17200,PE,515.05,575,466.65,525.15,525.15,302,2676.02,17350,2000,21-FEB-2022,
OPTIDX,NIFTY,28-Apr-2022,17250,PE,576.05,576.05,576.05,576.05,599.8,1,8.91,50,-50,21-FEB-2022,
OPTIDX,NIFTY,28-Apr-2022,17300,PE,561.45,625.2,498.3,569.65,569.65,254,2268.66,13500,50,21-FEB-2022,
OPTIDX,NIFTY,28-Apr-2022,17350,PE,0,0,0,501.9,650.25,0,0,50,0,21-FEB-2022,
OPTIDX,NIFTY,28-Apr-2022,17400,PE,598.85,663.15,544.85,612.15,612.15,161,1447.97,9550,1650,21-FEB-2022,
OPTIDX,NIFTY,28-Apr-2022,17450,PE,607,607,607,607,703.2,2,18.05,150,50,21-FEB-2022,
OPTIDX,NIFTY,28-Apr-2022,17500,PE,603.6,728,580,656.05,656.05,956,8677.56,95450,-1350,21-FEB-2022,
OPTIDX,NIFTY,28-Apr-2022,17550,PE,666.75,666.75,666.75,666.75,758.6,1,9.1,100,-50,21-FEB-2022,
OPTIDX,NIFTY,28-Apr-2022,17600,PE,710.15,778.5,640,705,705,47,430.55,2650,-50,21-FEB-2022,
OPTIDX,NIFTY,28-Apr-2022,17650,PE,0,0,0,937,816.3,0,0,0,0,21-FEB-2022,
OPTIDX,NIFTY,28-Apr-2022,17700,PE,770.3,836.1,721.65,749.05,749.05,10,92.4,750,100,21-FEB-2022,
OPTIDX,NIFTY,28-Apr-2022,17750,PE,797.5,797.5,787.85,787.85,787.85,2,18.54,50,0,21-FEB-2022,
OPTIDX,NIFTY,28-Apr-2022,17800,PE,816.85,872.45,760,815.35,815.35,11,102.37,2500,-100,21-FEB-2022,
OPTIDX,NIFTY,28-Apr-2022,17850,PE,0,0,0,776.7,938.7,0,0,100,0,21-FEB-2022,
OPTIDX,NIFTY,28-Apr-2022,17900,PE,901.15,944.55,811.6,882.1,970.7,8,75.23,250,200,21-FEB-2022,
OPTIDX,NIFTY,28-Apr-2022,17950,PE,0,0,0,893.35,1003.25,0,0,50,0,21-FEB-2022,
OPTIDX,NIFTY,28-Apr-2022,18000,PE,930,1030,670,944.6,944.6,275,2601.2,33050,500,21-FEB-2022,
OPTIDX,NIFTY,28-Apr-2022,18050,PE,0,0,0,874.2,1069.95,0,0,150,0,21-FEB-2022,
OPTIDX,NIFTY,28-Apr-2022,18100,PE,1024.9,1050,1024.9,1050,1104.1,5,47.84,300,0,21-FEB-2022,
OPTIDX,NIFTY,28-Apr-2022,18150,PE,0,0,0,1256.4,1138.75,0,0,0,0,21-FEB-2022,
OPTIDX,NIFTY,28-Apr-2022,18200,PE,1090.15,1134.8,1025,1025,1173.9,6,57.84,650,-100,21-FEB-2022,
OPTIDX,NIFTY,28-Apr-2022,18250,PE,0,0,0,1325.8,1209.55,0,0,0,0,21-FEB-2022,
OPTIDX,NIFTY,28-Apr-2022,18300,PE,1168.3,1226.7,1168.3,1226.7,1245.65,4,38.99,100,0,21-FEB-2022,
OPTIDX,NIFTY,28-Apr-2022,18350,PE,0,0,0,1396.95,1282.25,0,0,0,0,21-FEB-2022,
OPTIDX,NIFTY,28-Apr-2022,18400,PE,1251.05,1283.85,1251.05,1283.85,1320.15,2,19.66,0,0,21-FEB-2022,
OPTIDX,NIFTY,28-Apr-2022,18450,PE,0,0,0,1469.7,1357.75,0,0,0,0,21-FEB-2022,
OPTIDX,NIFTY,28-Apr-2022,18500,PE,1292.35,1389.7,1180,1310.2,1310.2,97,959.12,13000,1550,21-FEB-2022,
OPTIDX,NIFTY,28-Apr-2022,18550,PE,0,0,0,1544.95,1433.55,0,0,0,0,21-FEB-2022,
OPTIDX,NIFTY,28-Apr-2022,18600,PE,0,0,0,1602.8,1472.4,0,0,600,0,21-FEB-2022,
OPTIDX,NIFTY,28-Apr-2022,18650,PE,0,0,0,1445.2,1511.65,0,0,0,0,21-FEB-2022,
OPTIDX,NIFTY,28-Apr-2022,18700,PE,0,0,0,1482.95,1551.3,0,0,0,0,21-FEB-2022,
OPTIDX,NIFTY,28-Apr-2022,18750,PE,0,0,0,1520.3,1591.3,0,0,0,0,21-FEB-2022,
OPTIDX,NIFTY,28-Apr-2022,18800,PE,0,0,0,1558.1,1631.75,0,0,0,0,21-FEB-2022,
OPTIDX,NIFTY,28-Apr-2022,18850,PE,0,0,0,1596.25,1672.55,0,0,0,0,21-FEB-2022,
OPTIDX,NIFTY,28-Apr-2022,18900,PE,0,0,0,1588.95,1713.7,0,0,100,0,21-FEB-2022,
OPTIDX,NIFTY,28-Apr-2022,18950,PE,0,0,0,1496.95,1755.2,0,0,0,0,21-FEB-2022,
OPTIDX,NIFTY,28-Apr-2022,19000,PE,1740,1844.4,1602,1737.05,1737.05,127,1315.24,7600,1650,21-FEB-2022,
OPTIDX,NIFTY,28-Apr-2022,19050,PE,0,0,0,1572.15,1839.2,0,0,0,0,21-FEB-2022,
OPTIDX,NIFTY,28-Apr-2022,19100,PE,0,0,0,1610.3,1881.65,0,0,0,0,21-FEB-2022,
OPTIDX,NIFTY,28-Apr-2022,19150,PE,0,0,0,1498.6,1924.45,0,0,0,0,21-FEB-2022,
OPTIDX,NIFTY,28-Apr-2022,19200,PE,0,0,0,1800,1967.55,0,0,50,0,21-FEB-2022,
OPTIDX,NIFTY,28-Apr-2022,19250,PE,0,0,0,1573.6,2010.95,0,0,0,0,21-FEB-2022,
OPTIDX,NIFTY,28-Apr-2022,19300,PE,2000,2026.4,2000,2023.25,2054.6,7,74.59,650,350,21-FEB-2022,
OPTIDX,NIFTY,30-Jun-2022,10500,CE,6450.05,6521,6440.45,6440.45,6440.45,4,33.95,576025,200,21-FEB-2022,
OPTIDX,NIFTY,30-Jun-2022,11800,CE,0,0,0,3100,5582.1,0,0,12900,0,21-FEB-2022,
OPTIDX,NIFTY,30-Jun-2022,12000,CE,0,0,0,5451.05,5385.5,0,0,0,0,21-FEB-2022,
OPTIDX,NIFTY,30-Jun-2022,13000,CE,0,0,0,3610.3,4407.4,0,0,0,0,21-FEB-2022,
OPTIDX,NIFTY,30-Jun-2022,14000,CE,0,0,0,1622.9,3452.4,0,0,0,0,21-FEB-2022,
OPTIDX,NIFTY,30-Jun-2022,14500,CE,0,0,0,3581.95,2994.15,0,0,75,0,21-FEB-2022,
OPTIDX,NIFTY,30-Jun-2022,15000,CE,0,0,0,1287.05,2556.55,0,0,0,0,21-FEB-2022,
OPTIDX,NIFTY,30-Jun-2022,15500,CE,0,0,0,2512,2146.35,0,0,5300,0,21-FEB-2022,
OPTIDX,NIFTY,30-Jun-2022,16000,CE,0,0,0,1650,1770.3,0,0,300,0,21-FEB-2022,
OPTIDX,NIFTY,30-Jun-2022,16500,CE,1232.55,1377,1232.55,1296,1296,14,124.5,2350,-250,21-FEB-2022,
OPTIDX,NIFTY,30-Jun-2022,17000,CE,930.75,1048.95,900.7,979.6,979.6,98,880.63,50550,700,21-FEB-2022,
OPTIDX,NIFTY,30-Jun-2022,17500,CE,448,737.25,448,677.5,677.5,125,1135.85,62450,-200,21-FEB-2022,
OPTIDX,NIFTY,30-Jun-2022,18000,CE,439,474.95,392.85,428.1,428.1,218,2009.16,158900,-400,21-FEB-2022,
OPTIDX,NIFTY,30-Jun-2022,19000,CE,155,170,135.95,146.05,146.05,331,3169.27,71650,950,21-FEB-2022,
OPTIDX,NIFTY,30-Jun-2022,20000,CE,65,66.2,56.5,59.95,59.95,99,993,43550,400,21-FEB-2022,
OPTIDX,NIFTY,30-Jun-2022,20500,CE,48,48,40,40,131.85,4,41.08,6100,0,21-FEB-2022,
OPTIDX,NIFTY,30-Jun-2022,21000,CE,34.95,34.95,26.6,30,30,13,136.69,17050,300,21-FEB-2022,
OPTIDX,NIFTY,30-Jun-2022,22000,CE,0,0,0,16.2,40.3,0,0,1800,0,21-FEB-2022,
OPTIDX,NIFTY,30-Jun-2022,23000,CE,0,0,0,4.1,16.95,0,0,50,0,21-FEB-2022,
OPTIDX,NIFTY,30-Jun-2022,8300,PE,0,0,0,4.7,0,0,0,150,0,21-FEB-2022,
OPTIDX,NIFTY,30-Jun-2022,10000,PE,0,0,0,1.75,0,0,0,200,0,21-FEB-2022,
OPTIDX,NIFTY,30-Jun-2022,10500,PE,0,0,0,90,0.05,0,0,152400,0,21-FEB-2022,
OPTIDX,NIFTY,30-Jun-2022,10700,PE,0,0,0,79.35,0.05,0,0,925,0,21-FEB-2022,
OPTIDX,NIFTY,30-Jun-2022,10800,PE,0,0,0,32.75,0.05,0,0,7425,0,21-FEB-2022,
OPTIDX,NIFTY,30-Jun-2022,10900,PE,0,0,0,35.65,0.1,0,0,4275,0,21-FEB-2022,
OPTIDX,NIFTY,30-Jun-2022,11000,PE,0,0,0,10.4,0.1,0,0,5025,0,21-FEB-2022,
OPTIDX,NIFTY,30-Jun-2022,11100,PE,0,0,0,11.05,0.15,0,0,8250,0,21-FEB-2022,
OPTIDX,NIFTY,30-Jun-2022,11200,PE,0,0,0,21.2,0.2,0,0,3075,0,21-FEB-2022,
OPTIDX,NIFTY,30-Jun-2022,11300,PE,0,0,0,3.25,0.25,0,0,8700,0,21-FEB-2022,
OPTIDX,NIFTY,30-Jun-2022,11400,PE,0,0,0,18.3,0.3,0,0,9525,0,21-FEB-2022,
OPTIDX,NIFTY,30-Jun-2022,11500,PE,0,0,0,8.05,0.4,0,0,30400,0,21-FEB-2022,
OPTIDX,NIFTY,30-Jun-2022,11600,PE,0,0,0,14.85,0.5,0,0,12175,0,21-FEB-2022,
OPTIDX,NIFTY,30-Jun-2022,11700,PE,0,0,0,0.25,0.6,0,0,7100,0,21-FEB-2022,
OPTIDX,NIFTY,30-Jun-2022,11800,PE,0,0,0,29.35,0.75,0,0,11925,0,21-FEB-2022,
OPTIDX,NIFTY,30-Jun-2022,11900,PE,0,0,0,45.1,0.95,0,0,16650,0,21-FEB-2022,
OPTIDX,NIFTY,30-Jun-2022,12000,PE,0,0,0,30,1.2,0,0,2775,0,21-FEB-2022,
OPTIDX,NIFTY,30-Jun-2022,12100,PE,0,0,0,140,1.45,0,0,300,0,21-FEB-2022,
OPTIDX,NIFTY,30-Jun-2022,12200,PE,0,0,0,12,1.8,0,0,225,0,21-FEB-2022,
OPTIDX,NIFTY,30-Jun-2022,12300,PE,0,0,0,158,2.25,0,0,150,0,21-FEB-2022,
OPTIDX,NIFTY,30-Jun-2022,12500,PE,0,0,0,23.3,3.3,0,0,1700,0,21-FEB-2022,
OPTIDX,NIFTY,30-Jun-2022,12600,PE,0,0,0,2.65,4.05,0,0,575,0,21-FEB-2022,
OPTIDX,NIFTY,30-Jun-2022,12700,PE,0,0,0,0.5,4.85,0,0,11500,0,21-FEB-2022,
OPTIDX,NIFTY,30-Jun-2022,12800,PE,0,0,0,22,5.85,0,0,25,0,21-FEB-2022,
OPTIDX,NIFTY,30-Jun-2022,13000,PE,0,0,0,38,8.3,0,0,29950,0,21-FEB-2022,
OPTIDX,NIFTY,30-Jun-2022,13400,PE,76.4,76.4,76.4,76.4,16.05,2,13.47,175,100,21-FEB-2022,
OPTIDX,NIFTY,30-Jun-2022,14000,PE,94.8,94.8,80,84.2,84.2,88,619.71,44700,1050,21-FEB-2022,
OPTIDX,NIFTY,30-Jun-2022,14500,PE,119.25,124,110,110,110,10,73.08,13050,50,21-FEB-2022,
OPTIDX,NIFTY,30-Jun-2022,15000,PE,179.95,187,160,175.4,175.4,370,2807.17,103700,-3500,21-FEB-2022,
OPTIDX,NIFTY,30-Jun-2022,15500,PE,239.35,280,217,237.6,237.6,46,361.99,38400,-50,21-FEB-2022,
OPTIDX,NIFTY,30-Jun-2022,16000,PE,344.15,368,313.6,341.1,341.1,263,2148.87,269950,3250,21-FEB-2022,
OPTIDX,NIFTY,30-Jun-2022,16500,PE,474.05,496.15,420,459.45,459.45,179,1518.14,332100,-1200,21-FEB-2022,
OPTIDX,NIFTY,30-Jun-2022,17000,PE,612,658.65,555.2,602.15,602.15,231,2032.82,69150,-250,21-FEB-2022,
OPTIDX,NIFTY,30-Jun-2022,17500,PE,800.35,845.1,721.25,795.9,795.9,164,1499.59,78250,1000,21-FEB-2022,
OPTIDX,NIFTY,30-Jun-2022,18000,PE,1072.55,1131.05,965,1024,1201.6,97,922.66,148650,1100,21-FEB-2022,
OPTIDX,NIFTY,30-Jun-2022,18500,PE,1400,1412.85,1400,1412.85,1524.4,2,19.9,7950,50,21-FEB-2022,
OPTIDX,NIFTY,30-Jun-2022,19000,PE,1589.6,1650,1589.6,1650,1883.65,2,20.61,3650,0,21-FEB-2022,
OPTIDX,NIFTY,30-Jun-2022,20000,PE,0,0,0,2808.5,2686.75,0,0,0,0,21-FEB-2022,
OPTIDX,NIFTY,30-Jun-2022,21000,PE,0,0,0,2742.85,3572.7,0,0,0,0,21-FEB-2022,
OPTIDX,NIFTY,30-Jun-2022,22000,PE,0,0,0,4446.75,4507.95,0,0,0,0,21-FEB-2022,
OPTIDX,NIFTY,30-Jun-2022,23000,PE,0,0,0,4988.15,5469.85,0,0,0,0,21-FEB-2022,
OPTIDX,NIFTY,29-Sep-2022,12000,CE,0,0,0,5584.3,5518.35,0,0,0,0,21-FEB-2022,
OPTIDX,NIFTY,29-Sep-2022,13000,CE,0,0,0,4653.65,4570.9,0,0,0,0,21-FEB-2022,
OPTIDX,NIFTY,29-Sep-2022,14000,CE,0,0,0,3265.3,3665.55,0,0,0,0,21-FEB-2022,
OPTIDX,NIFTY,29-Sep-2022,14500,CE,0,0,0,2745,3238.1,0,0,50,0,21-FEB-2022,
OPTIDX,NIFTY,29-Sep-2022,15000,CE,0,0,0,3500,2832.85,0,0,50,0,21-FEB-2022,
OPTIDX,NIFTY,29-Sep-2022,16000,CE,0,0,0,2864.9,2102.8,0,0,0,0,21-FEB-2022,
OPTIDX,NIFTY,29-Sep-2022,17000,CE,0,0,0,1000,1497.95,0,0,50,0,21-FEB-2022,
OPTIDX,NIFTY,29-Sep-2022,18000,CE,0,0,0,700,1024.05,0,0,0,0,21-FEB-2022,
OPTIDX,NIFTY,29-Sep-2022,19000,CE,0,0,0,1321.05,672.9,0,0,0,0,21-FEB-2022,
OPTIDX,NIFTY,29-Sep-2022,20000,CE,0,0,0,985.55,427.2,0,0,0,0,21-FEB-2022,
OPTIDX,NIFTY,29-Sep-2022,21000,CE,0,0,0,903.15,261.15,0,0,0,0,21-FEB-2022,
OPTIDX,NIFTY,29-Sep-2022,22000,CE,0,0,0,229.05,154.9,0,0,0,0,21-FEB-2022,
OPTIDX,NIFTY,29-Sep-2022,23000,CE,0,0,0,183.9,89.25,0,0,0,0,21-FEB-2022,
OPTIDX,NIFTY,29-Sep-2022,12000,PE,0,0,0,18.8,10.3,0,0,0,0,21-FEB-2022,
OPTIDX,NIFTY,29-Sep-2022,13000,PE,0,0,0,58,37.75,0,0,0,0,21-FEB-2022,
OPTIDX,NIFTY,29-Sep-2022,14000,PE,0,0,0,81.05,107.25,0,0,200,0,21-FEB-2022,
OPTIDX,NIFTY,29-Sep-2022,15000,PE,0,0,0,384.3,249.5,0,0,0,0,21-FEB-2022,
OPTIDX,NIFTY,29-Sep-2022,16000,PE,0,0,0,644.1,494.3,0,0,0,0,21-FEB-2022,
OPTIDX,NIFTY,29-Sep-2022,17000,PE,740,740,739.95,740,864.35,3,26.6,500,100,21-FEB-2022,
OPTIDX,NIFTY,29-Sep-2022,18000,PE,0,0,0,446.05,1365.35,0,0,150,0,21-FEB-2022,
OPTIDX,NIFTY,29-Sep-2022,19000,PE,0,0,0,1743.75,1989.1,0,0,250,0,21-FEB-2022,
OPTIDX,NIFTY,29-Sep-2022,20000,PE,0,0,0,1257.6,2718.25,0,0,50,0,21-FEB-2022,
OPTIDX,NIFTY,29-Sep-2022,21000,PE,0,0,0,2807.95,3527.1,0,0,0,0,21-FEB-2022,
OPTIDX,NIFTY,29-Sep-2022,22000,PE,0,0,0,4362.25,4395.7,0,0,0,0,21-FEB-2022,
OPTIDX,NIFTY,29-Sep-2022,23000,PE,0,0,0,4875.25,5304.95,0,0,0,0,21-FEB-2022,
OPTIDX,NIFTY,29-Dec-2022,11000,CE,0,0,0,6750,6603.35,0,0,3150,0,21-FEB-2022,
OPTIDX,NIFTY,29-Dec-2022,11500,CE,0,0,0,5750,6128.55,0,0,3750,0,21-FEB-2022,
OPTIDX,NIFTY,29-Dec-2022,12000,CE,0,0,0,5723.25,5658.8,0,0,0,0,21-FEB-2022,
OPTIDX,NIFTY,29-Dec-2022,13000,CE,0,0,0,4420,4743.75,0,0,5900,0,21-FEB-2022,
OPTIDX,NIFTY,29-Dec-2022,13500,CE,0,0,0,2444.7,4303.85,0,0,3450,0,21-FEB-2022,
OPTIDX,NIFTY,29-Dec-2022,14000,CE,0,0,0,3599,3879.65,0,0,2300,0,21-FEB-2022,
OPTIDX,NIFTY,29-Dec-2022,14100,CE,0,0,0,5045,3796.95,0,0,112550,0,21-FEB-2022,
OPTIDX,NIFTY,29-Dec-2022,14500,CE,0,0,0,2222.9,3474.05,0,0,1050,0,21-FEB-2022,
OPTIDX,NIFTY,29-Dec-2022,15000,CE,2900,2900,2900,2900,3089.85,2,17.9,35025,-100,21-FEB-2022,
OPTIDX,NIFTY,29-Dec-2022,15500,CE,0,0,0,2948.25,2729.7,0,0,9800,0,21-FEB-2022,
OPTIDX,NIFTY,29-Dec-2022,16000,CE,2026.5,2225.95,2025.9,2210,2393.75,16,145.05,46700,-150,21-FEB-2022,
OPTIDX,NIFTY,29-Dec-2022,16500,CE,0,0,0,1900,2085.7,0,0,1200,0,21-FEB-2022,
OPTIDX,NIFTY,29-Dec-2022,17000,CE,1607.45,1607.45,1480,1534.85,1534.85,40,370.57,101300,300,21-FEB-2022,
OPTIDX,NIFTY,29-Dec-2022,17500,CE,1255,1335,1203.45,1254.05,1254.05,115,1078.79,63850,1100,21-FEB-2022,
OPTIDX,NIFTY,29-Dec-2022,18000,CE,965,1030,928.25,958.95,958.95,284,2694.49,199275,3050,21-FEB-2022,
OPTIDX,NIFTY,29-Dec-2022,18500,CE,719.55,745.05,700,700,700,38,365.06,17900,350,21-FEB-2022,
OPTIDX,NIFTY,29-Dec-2022,19000,CE,530,541.1,496.85,523.95,523.95,113,1102.67,46400,2050,21-FEB-2022,
OPTIDX,NIFTY,29-Dec-2022,19500,CE,345,370,335,336.7,336.7,21,208.4,7250,300,21-FEB-2022,
OPTIDX,NIFTY,29-Dec-2022,20000,CE,243.5,253.75,222,238.55,238.55,148,1497.65,53400,2000,21-FEB-2022,
OPTIDX,NIFTY,29-Dec-2022,20500,CE,148.8,164,144.5,160,552.55,14,144.58,3750,50,21-FEB-2022,
OPTIDX,NIFTY,29-Dec-2022,21000,CE,128,135,120,124.85,124.85,41,433.13,49700,550,21-FEB-2022,
OPTIDX,NIFTY,29-Dec-2022,22000,CE,85,85,70,80,80,12,132.47,8500,50,21-FEB-2022,
OPTIDX,NIFTY,29-Dec-2022,23000,CE,0,0,0,70,202.55,0,0,50,0,21-FEB-2022,
OPTIDX,NIFTY,29-Dec-2022,7500,PE,0,0,0,8.6,0.05,0,0,1050,0,21-FEB-2022,
OPTIDX,NIFTY,29-Dec-2022,8500,PE,0,0,0,22.9,0.1,0,0,112700,0,21-FEB-2022,
OPTIDX,NIFTY,29-Dec-2022,8700,PE,0,0,0,7,0.15,0,0,112500,0,21-FEB-2022,
OPTIDX,NIFTY,29-Dec-2022,9000,PE,0,0,0,3.15,0.25,0,0,382725,0,21-FEB-2022,
OPTIDX,NIFTY,29-Dec-2022,9500,PE,0,0,0,14.7,0.75,0,0,116675,0,21-FEB-2022,
OPTIDX,NIFTY,29-Dec-2022,9700,PE,0,0,0,39.75,1.05,0,0,3075,0,21-FEB-2022,
OPTIDX,NIFTY,29-Dec-2022,9900,PE,0,0,0,54.3,1.5,0,0,25,0,21-FEB-2022,
OPTIDX,NIFTY,29-Dec-2022,10000,PE,0,0,0,9.35,1.75,0,0,227525,0,21-FEB-2022,
OPTIDX,NIFTY,29-Dec-2022,10500,PE,0,0,0,16.05,3.95,0,0,308525,0,21-FEB-2022,
OPTIDX,NIFTY,29-Dec-2022,10900,PE,0,0,0,698,7.1,0,0,75,0,21-FEB-2022,
OPTIDX,NIFTY,29-Dec-2022,11000,PE,0,0,0,40,8.2,0,0,95575,0,21-FEB-2022,
OPTIDX,NIFTY,29-Dec-2022,11100,PE,0,0,0,45,9.4,0,0,200,0,21-FEB-2022,
OPTIDX,NIFTY,29-Dec-2022,11200,PE,0,0,0,2000,10.7,0,0,600,0,21-FEB-2022,
OPTIDX,NIFTY,29-Dec-2022,11300,PE,0,0,0,160,12.2,0,0,1650,0,21-FEB-2022,
OPTIDX,NIFTY,29-Dec-2022,11400,PE,0,0,0,943.4,13.9,0,0,225,0,21-FEB-2022,
OPTIDX,NIFTY,29-Dec-2022,11500,PE,0,0,0,55.05,15.75,0,0,1625,0,21-FEB-2022,
OPTIDX,NIFTY,29-Dec-2022,11600,PE,0,0,0,270,17.8,0,0,2550,0,21-FEB-2022,
OPTIDX,NIFTY,29-Dec-2022,11700,PE,0,0,0,81,20.05,0,0,700,0,21-FEB-2022,
OPTIDX,NIFTY,29-Dec-2022,11800,PE,0,0,0,40,22.55,0,0,3075,0,21-FEB-2022,
OPTIDX,NIFTY,29-Dec-2022,11900,PE,0,0,0,43,25.3,0,0,6900,0,21-FEB-2022,
OPTIDX,NIFTY,29-Dec-2022,12000,PE,0,0,0,61,28.35,0,0,24300,0,21-FEB-2022,
OPTIDX,NIFTY,29-Dec-2022,12100,PE,0,0,0,100,31.65,0,0,10725,0,21-FEB-2022,
OPTIDX,NIFTY,29-Dec-2022,12200,PE,0,0,0,55,35.3,0,0,11175,0,21-FEB-2022,
OPTIDX,NIFTY,29-Dec-2022,12300,PE,0,0,0,98.55,39.25,0,0,6000,0,21-FEB-2022,
OPTIDX,NIFTY,29-Dec-2022,12500,PE,0,0,0,80,48.2,0,0,10675,0,21-FEB-2022,
OPTIDX,NIFTY,29-Dec-2022,12600,PE,0,0,0,120,53.3,0,0,4575,0,21-FEB-2022,
OPTIDX,NIFTY,29-Dec-2022,12700,PE,0,0,0,100,58.75,0,0,11850,0,21-FEB-2022,
OPTIDX,NIFTY,29-Dec-2022,12800,PE,0,0,0,150,64.7,0,0,185475,0,21-FEB-2022,
OPTIDX,NIFTY,29-Dec-2022,12900,PE,0,0,0,1878.8,71.1,0,0,6750,0,21-FEB-2022,
OPTIDX,NIFTY,29-Dec-2022,13000,PE,118.95,118.95,103.5,105.1,105.1,5,32.77,10000,100,21-FEB-2022,
OPTIDX,NIFTY,29-Dec-2022,13100,PE,0,0,0,150,85.3,0,0,900,0,21-FEB-2022,
OPTIDX,NIFTY,29-Dec-2022,13500,PE,159.95,159.95,159.95,159.95,120.4,1,6.82,2200,50,21-FEB-2022,
OPTIDX,NIFTY,29-Dec-2022,14000,PE,209.95,219,182.7,190.45,190.45,106,752.47,38275,2050,21-FEB-2022,
OPTIDX,NIFTY,29-Dec-2022,14100,PE,0,0,0,1140,192.3,0,0,112500,0,21-FEB-2022,
OPTIDX,NIFTY,29-Dec-2022,14500,PE,289.9,289.9,235,240,255.3,29,214.09,6050,700,21-FEB-2022,
OPTIDX,NIFTY,29-Dec-2022,15000,PE,318.4,346.2,299.05,317.65,317.65,163,1248.06,95375,3300,21-FEB-2022,
OPTIDX,NIFTY,29-Dec-2022,15500,PE,440,440,402,411,411,17,135.24,20450,350,21-FEB-2022,
OPTIDX,NIFTY,29-Dec-2022,16000,PE,540,574.9,505,541.35,541.35,130,1074.63,71500,2950,21-FEB-2022,
OPTIDX,NIFTY,29-Dec-2022,16500,PE,679.65,708.4,631,659.75,659.75,32,274.56,17900,900,21-FEB-2022,
OPTIDX,NIFTY,29-Dec-2022,17000,PE,820,872.6,774.75,828.15,828.15,276,2460.24,201700,3500,21-FEB-2022,
OPTIDX,NIFTY,29-Dec-2022,17500,PE,1044.05,1060,940,1005,1005,145,1340.79,140350,3050,21-FEB-2022,
OPTIDX,NIFTY,29-Dec-2022,18000,PE,1182.65,1244.85,1110.65,1175.9,1175.9,413,3960.72,263000,900,21-FEB-2022,
OPTIDX,NIFTY,29-Dec-2022,18500,PE,1355,1360,1355,1360,1765.3,2,19.85,27100,50,21-FEB-2022,
OPTIDX,NIFTY,29-Dec-2022,19000,PE,1716,1800,1606.65,1705.35,1705.35,79,817.16,36450,1900,21-FEB-2022,
OPTIDX,NIFTY,29-Dec-2022,20000,PE,2480,2500,2295,2400,2400,21,235.73,12600,800,21-FEB-2022,
OPTIDX,NIFTY,29-Dec-2022,21000,PE,0,0,0,2863.15,3507.6,0,0,0,0,21-FEB-2022,
OPTIDX,NIFTY,29-Dec-2022,22000,PE,0,0,0,4303.2,4322.95,0,0,0,0,21-FEB-2022,
OPTIDX,NIFTY,29-Dec-2022,23000,PE,0,0,0,4792.85,5183.6,0,0,0,0,21-FEB-2022,
OPTIDX,NIFTY,29-Jun-2023,8500,CE,0,0,0,1775,9178.9,0,0,15975,0,21-FEB-2022,
OPTIDX,NIFTY,29-Jun-2023,9500,CE,0,0,0,3103,8238.7,0,0,4050,0,21-FEB-2022,
OPTIDX,NIFTY,29-Jun-2023,11000,CE,0,0,0,2420,6848,0,0,14925,0,21-FEB-2022,
OPTIDX,NIFTY,29-Jun-2023,12000,CE,0,0,0,6006.95,5949.65,0,0,0,0,21-FEB-2022,
OPTIDX,NIFTY,29-Jun-2023,13000,CE,0,0,0,4381.7,5091.25,0,0,0,0,21-FEB-2022,
OPTIDX,NIFTY,29-Jun-2023,13500,CE,0,0,0,2784.25,4682,0,0,3450,0,21-FEB-2022,
OPTIDX,NIFTY,29-Jun-2023,14000,CE,0,0,0,4500,4288.5,0,0,50,0,21-FEB-2022,
OPTIDX,NIFTY,29-Jun-2023,14500,CE,0,0,0,2609.85,3912.5,0,0,2025,0,21-FEB-2022,
OPTIDX,NIFTY,29-Jun-2023,15000,CE,0,0,0,2614.95,3555.85,0,0,3225,0,21-FEB-2022,
OPTIDX,NIFTY,29-Jun-2023,15500,CE,0,0,0,2607.35,3218.5,0,0,825,0,21-FEB-2022,
OPTIDX,NIFTY,29-Jun-2023,16000,CE,0,0,0,2037.65,2901.35,0,0,0,0,21-FEB-2022,
OPTIDX,NIFTY,29-Jun-2023,17000,CE,0,0,0,2129.1,2333.2,0,0,0,0,21-FEB-2022,
OPTIDX,NIFTY,29-Jun-2023,18000,CE,0,0,0,2238.2,1850.1,0,0,0,0,21-FEB-2022,
OPTIDX,NIFTY,29-Jun-2023,19000,CE,0,0,0,1652.7,1448.2,0,0,0,0,21-FEB-2022,
OPTIDX,NIFTY,29-Jun-2023,20000,CE,0,0,0,1674.3,1120.15,0,0,0,0,21-FEB-2022,
OPTIDX,NIFTY,29-Jun-2023,21000,CE,0,0,0,1617.8,857.95,0,0,0,0,21-FEB-2022,
OPTIDX,NIFTY,29-Jun-2023,22000,CE,0,0,0,727.5,650.95,0,0,0,0,21-FEB-2022,
OPTIDX,NIFTY,29-Jun-2023,23000,CE,0,0,0,652.75,488.9,0,0,0,0,21-FEB-2022,
OPTIDX,NIFTY,29-Jun-2023,10000,PE,0,0,0,52,10.75,0,0,89000,0,21-FEB-2022,
OPTIDX,NIFTY,29-Jun-2023,10500,PE,0,0,0,35,19,0,0,150225,0,21-FEB-2022,
OPTIDX,NIFTY,29-Jun-2023,11000,PE,0,0,0,100,31.9,0,0,281250,0,21-FEB-2022,
OPTIDX,NIFTY,29-Jun-2023,11500,PE,0,0,0,70.05,51,0,0,100,0,21-FEB-2022,
OPTIDX,NIFTY,29-Jun-2023,11900,PE,0,0,0,95,71.95,0,0,3150,0,21-FEB-2022,
OPTIDX,NIFTY,29-Jun-2023,12000,PE,0,0,0,90.8,78.15,0,0,0,0,21-FEB-2022,
OPTIDX,NIFTY,29-Jun-2023,12100,PE,0,0,0,144,84.7,0,0,4800,0,21-FEB-2022,
OPTIDX,NIFTY,29-Jun-2023,12200,PE,0,0,0,120,91.65,0,0,775,0,21-FEB-2022,
OPTIDX,NIFTY,29-Jun-2023,13000,PE,0,0,0,679.5,164.35,0,0,0,0,21-FEB-2022,
OPTIDX,NIFTY,29-Jun-2023,13500,PE,0,0,0,1080.6,227.35,0,0,150,0,21-FEB-2022,
OPTIDX,NIFTY,29-Jun-2023,14000,PE,0,0,0,130.05,306.2,0,0,5825,0,21-FEB-2022,
OPTIDX,NIFTY,29-Jun-2023,15000,PE,0,0,0,400,518.15,0,0,0,0,21-FEB-2022,
OPTIDX,NIFTY,29-Jun-2023,16000,PE,0,0,0,425.05,808.25,0,0,300,0,21-FEB-2022,
OPTIDX,NIFTY,29-Jun-2023,17000,PE,0,0,0,3314.85,1184.65,0,0,0,0,21-FEB-2022,
OPTIDX,NIFTY,29-Jun-2023,18000,PE,0,0,0,3390.65,1646.2,0,0,0,0,21-FEB-2022,
OPTIDX,NIFTY,29-Jun-2023,19000,PE,0,0,0,3072.9,2188.85,0,0,0,0,21-FEB-2022,
OPTIDX,NIFTY,29-Jun-2023,20000,PE,0,0,0,3015.3,2805.4,0,0,0,0,21-FEB-2022,
OPTIDX,NIFTY,29-Jun-2023,21000,PE,0,0,0,2946.5,3487.8,0,0,0,0,21-FEB-2022,
OPTIDX,NIFTY,29-Jun-2023,22000,PE,0,0,0,4217.9,4225.4,0,0,0,0,21-FEB-2022,
OPTIDX,NIFTY,29-Jun-2023,23000,PE,0,0,0,4671.75,5007.95,0,0,0,0,21-FEB-2022,
OPTIDX,NIFTY,28-Dec-2023,12000,CE,0,0,0,6288.3,6240.15,0,0,0,0,21-FEB-2022,
OPTIDX,NIFTY,28-Dec-2023,13000,CE,0,0,0,4719.55,5427.1,0,0,0,0,21-FEB-2022,
OPTIDX,NIFTY,28-Dec-2023,14000,CE,0,0,0,2622.8,4668.6,0,0,0,0,21-FEB-2022,
OPTIDX,NIFTY,28-Dec-2023,14500,CE,0,0,0,3006.8,4312.7,0,0,975,0,21-FEB-2022,
OPTIDX,NIFTY,28-Dec-2023,15000,CE,0,0,0,2729.25,3973.9,0,0,1300,0,21-FEB-2022,
OPTIDX,NIFTY,28-Dec-2023,15500,CE,0,0,0,2500,3651.95,0,0,2850,0,21-FEB-2022,
OPTIDX,NIFTY,28-Dec-2023,16000,CE,0,0,0,2050,3347.15,0,0,1550,0,21-FEB-2022,
OPTIDX,NIFTY,28-Dec-2023,16500,CE,0,0,0,2690,3061.35,0,0,2650,0,21-FEB-2022,
OPTIDX,NIFTY,28-Dec-2023,17000,CE,0,0,0,3300,2793.6,0,0,1750,0,21-FEB-2022,
OPTIDX,NIFTY,28-Dec-2023,17500,CE,0,0,0,2848.85,2543.65,0,0,5275,0,21-FEB-2022,
OPTIDX,NIFTY,28-Dec-2023,18000,CE,0,0,0,2335.05,2311.2,0,0,3450,0,21-FEB-2022,
OPTIDX,NIFTY,28-Dec-2023,18500,CE,0,0,0,1490.05,2095.85,0,0,1850,0,21-FEB-2022,
OPTIDX,NIFTY,28-Dec-2023,19000,CE,0,0,0,800,1896.95,0,0,50,0,21-FEB-2022,
OPTIDX,NIFTY,28-Dec-2023,20000,CE,0,0,0,1700,1545.7,0,0,350,0,21-FEB-2022,
OPTIDX,NIFTY,28-Dec-2023,21000,CE,0,0,0,730,1251.35,0,0,1250,0,21-FEB-2022,
OPTIDX,NIFTY,28-Dec-2023,22000,CE,0,0,0,1075.6,1008.2,0,0,0,0,21-FEB-2022,
OPTIDX,NIFTY,28-Dec-2023,23000,CE,0,0,0,992.8,808.05,0,0,0,0,21-FEB-2022,
OPTIDX,NIFTY,28-Dec-2023,11000,PE,0,0,0,129.95,64.05,0,0,125,0,21-FEB-2022,
OPTIDX,NIFTY,28-Dec-2023,12000,PE,0,0,0,144.3,132.6,0,0,0,0,21-FEB-2022,
OPTIDX,NIFTY,28-Dec-2023,12700,PE,0,0,0,170,205.7,0,0,450,0,21-FEB-2022,
OPTIDX,NIFTY,28-Dec-2023,13000,PE,0,0,0,790.6,244.5,0,0,0,0,21-FEB-2022,
OPTIDX,NIFTY,28-Dec-2023,13500,PE,0,0,0,220,320.3,0,0,11100,0,21-FEB-2022,
OPTIDX,NIFTY,28-Dec-2023,14000,PE,0,0,0,289.4,410.95,0,0,34100,0,21-FEB-2022,
OPTIDX,NIFTY,28-Dec-2023,14500,PE,0,0,0,1058,517.5,0,0,49500,0,21-FEB-2022,
OPTIDX,NIFTY,28-Dec-2023,15000,PE,0,0,0,525,641.15,0,0,23325,0,21-FEB-2022,
OPTIDX,NIFTY,28-Dec-2023,16000,PE,0,0,0,630,939.35,0,0,0,0,21-FEB-2022,
OPTIDX,NIFTY,28-Dec-2023,17000,PE,0,0,0,3381.7,1310.7,0,0,0,0,21-FEB-2022,
OPTIDX,NIFTY,28-Dec-2023,17500,PE,0,0,0,1170.1,1523.2,0,0,250,0,21-FEB-2022,
OPTIDX,NIFTY,28-Dec-2023,18000,PE,0,0,0,3463.1,1753.2,0,0,0,0,21-FEB-2022,
OPTIDX,NIFTY,28-Dec-2023,19000,PE,0,0,0,1000,2263.9,0,0,50,0,21-FEB-2022,
OPTIDX,NIFTY,28-Dec-2023,20000,PE,0,0,0,3074.95,2837.6,0,0,0,0,21-FEB-2022,
OPTIDX,NIFTY,28-Dec-2023,21000,PE,0,0,0,3002.75,3468.15,0,0,0,0,21-FEB-2022,
OPTIDX,NIFTY,28-Dec-2023,22000,PE,0,0,0,4148.25,4149.9,0,0,0,0,21-FEB-2022,
OPTIDX,NIFTY,28-Dec-2023,23000,PE,0,0,0,4574.85,4874.7,0,0,0,0,21-FEB-2022,
OPTIDX,NIFTY,27-Jun-2024,12000,CE,0,0,0,6562.3,6523.5,0,0,0,0,21-FEB-2022,
OPTIDX,NIFTY,27-Jun-2024,13000,CE,0,0,0,5034.25,5747.65,0,0,0,0,21-FEB-2022,
OPTIDX,NIFTY,27-Jun-2024,14000,CE,0,0,0,2914.15,5023.7,0,0,0,0,21-FEB-2022,
OPTIDX,NIFTY,27-Jun-2024,15000,CE,0,0,0,2564.05,4357.95,0,0,0,0,21-FEB-2022,
OPTIDX,NIFTY,27-Jun-2024,16000,CE,0,0,0,2666.1,3753.15,0,0,0,0,21-FEB-2022,
OPTIDX,NIFTY,27-Jun-2024,17000,CE,0,0,0,2803.35,3210.95,0,0,0,0,21-FEB-2022,
OPTIDX,NIFTY,27-Jun-2024,18000,CE,0,0,0,1775,2731.35,0,0,3375,0,21-FEB-2022,
OPTIDX,NIFTY,27-Jun-2024,18500,CE,0,0,0,1028.05,2514,0,0,425,0,21-FEB-2022,
OPTIDX,NIFTY,27-Jun-2024,19000,CE,0,0,0,2405.4,2311,0,0,0,0,21-FEB-2022,
OPTIDX,NIFTY,27-Jun-2024,20000,CE,0,0,0,380.8,1946,0,0,250,0,21-FEB-2022,
OPTIDX,NIFTY,27-Jun-2024,21000,CE,0,0,0,2453.15,1631.7,0,0,0,0,21-FEB-2022,
OPTIDX,NIFTY,27-Jun-2024,22000,CE,0,0,0,1419.95,1363,0,0,0,0,21-FEB-2022,
OPTIDX,NIFTY,27-Jun-2024,23000,CE,0,0,0,1333.75,1135.9,0,0,0,0,21-FEB-2022,
OPTIDX,NIFTY,27-Jun-2024,12000,PE,0,0,0,195.05,184.85,0,0,0,0,21-FEB-2022,
OPTIDX,NIFTY,27-Jun-2024,13000,PE,0,0,0,882.9,314.65,0,0,0,0,21-FEB-2022,
OPTIDX,NIFTY,27-Jun-2024,14000,PE,0,0,0,327.2,496.4,0,0,10375,0,21-FEB-2022,
OPTIDX,NIFTY,27-Jun-2024,15000,PE,0,0,0,1420,736.3,0,0,7275,0,21-FEB-2022,
OPTIDX,NIFTY,27-Jun-2024,16000,PE,0,0,0,3468.45,1037.15,0,0,0,0,21-FEB-2022,
OPTIDX,NIFTY,27-Jun-2024,17000,PE,0,0,0,3432.4,1400.65,0,0,0,0,21-FEB-2022,
OPTIDX,NIFTY,27-Jun-2024,18000,PE,0,0,0,3517.55,1826.7,0,0,0,0,21-FEB-2022,
OPTIDX,NIFTY,27-Jun-2024,19000,PE,0,0,0,3169.85,2312.05,0,0,0,0,21-FEB-2022,
OPTIDX,NIFTY,27-Jun-2024,20000,PE,0,0,0,3115.45,2852.7,0,0,0,0,21-FEB-2022,
OPTIDX,NIFTY,27-Jun-2024,21000,PE,0,0,0,3039.2,3444.05,0,0,0,0,21-FEB-2022,
OPTIDX,NIFTY,27-Jun-2024,22000,PE,0,0,0,4083.25,4081.05,0,0,0,0,21-FEB-2022,
OPTIDX,NIFTY,27-Jun-2024,23000,PE,0,0,0,4487.65,4759.6,0,0,0,0,21-FEB-2022,
OPTIDX,NIFTY,26-Dec-2024,12000,CE,0,0,0,6827.35,6797.5,0,0,0,0,21-FEB-2022,
OPTIDX,NIFTY,26-Dec-2024,13000,CE,0,0,0,5329.9,6053.15,0,0,0,0,21-FEB-2022,
OPTIDX,NIFTY,26-Dec-2024,14000,CE,0,0,0,3189.4,5357.7,0,0,0,0,21-FEB-2022,
OPTIDX,NIFTY,26-Dec-2024,15000,CE,0,0,0,2836.7,4715.65,0,0,0,0,21-FEB-2022,
OPTIDX,NIFTY,26-Dec-2024,16000,CE,0,0,0,2954,4128.6,0,0,0,0,21-FEB-2022,
OPTIDX,NIFTY,26-Dec-2024,17000,CE,0,0,0,1751.95,3597.2,0,0,50,0,21-FEB-2022,
OPTIDX,NIFTY,26-Dec-2024,18000,CE,2950,2950,2950,2950,3121.6,7,73.32,4000,350,21-FEB-2022,
OPTIDX,NIFTY,26-Dec-2024,18500,CE,0,0,0,2110,2903.7,0,0,50,0,21-FEB-2022,
OPTIDX,NIFTY,26-Dec-2024,19000,CE,0,0,0,2750.05,2698.65,0,0,0,0,21-FEB-2022,
OPTIDX,NIFTY,26-Dec-2024,20000,CE,0,0,0,2834.5,2325.25,0,0,0,0,21-FEB-2022,
OPTIDX,NIFTY,26-Dec-2024,21000,CE,0,0,0,2835.55,1997.65,0,0,0,0,21-FEB-2022,
OPTIDX,NIFTY,26-Dec-2024,22000,CE,0,0,0,1758.15,1711.8,0,0,0,0,21-FEB-2022,
OPTIDX,NIFTY,26-Dec-2024,23000,CE,0,0,0,1671.85,1463.65,0,0,0,0,21-FEB-2022,
OPTIDX,NIFTY,26-Dec-2024,12000,PE,0,0,0,241.3,232.55,0,0,0,0,21-FEB-2022,
OPTIDX,NIFTY,26-Dec-2024,13000,PE,0,0,0,960.3,375,0,0,0,0,21-FEB-2022,
OPTIDX,NIFTY,26-Dec-2024,14000,PE,0,0,0,3299.85,566.4,0,0,0,0,21-FEB-2022,
OPTIDX,NIFTY,26-Dec-2024,15000,PE,0,0,0,3397.7,811.15,0,0,0,0,21-FEB-2022,
OPTIDX,NIFTY,26-Dec-2024,16000,PE,0,0,0,3504.15,1110.9,0,0,0,0,21-FEB-2022,
OPTIDX,NIFTY,26-Dec-2024,17000,PE,0,0,0,3470.15,1466.3,0,0,0,0,21-FEB-2022,
OPTIDX,NIFTY,26-Dec-2024,18000,PE,0,0,0,3557.65,1877.55,0,0,0,0,21-FEB-2022,
OPTIDX,NIFTY,26-Dec-2024,19000,PE,0,0,0,3195.85,2341.35,0,0,0,0,21-FEB-2022,
OPTIDX,NIFTY,26-Dec-2024,20000,PE,0,0,0,3141.5,2854.8,0,0,0,0,21-FEB-2022,
OPTIDX,NIFTY,26-Dec-2024,21000,PE,0,0,0,3060.8,3414,0,0,0,0,21-FEB-2022,
OPTIDX,NIFTY,26-Dec-2024,22000,PE,0,0,0,4020.4,4014.95,0,0,0,0,21-FEB-2022,
OPTIDX,NIFTY,26-Dec-2024,23000,PE,0,0,0,4406.3,4653.6,0,0,0,0,21-FEB-2022,
OPTIDX,NIFTY,26-Jun-2025,12000,CE,0,0,0,7083.15,7061.85,0,0,0,0,21-FEB-2022,
OPTIDX,NIFTY,26-Jun-2025,13000,CE,0,0,0,5609.35,6344.9,0,0,0,0,21-FEB-2022,
OPTIDX,NIFTY,26-Jun-2025,14000,CE,0,0,0,3450.5,5674.4,0,0,0,0,21-FEB-2022,
OPTIDX,NIFTY,26-Jun-2025,15000,CE,0,0,0,3095.8,5052.25,0,0,0,0,21-FEB-2022,
OPTIDX,NIFTY,26-Jun-2025,16000,CE,0,0,0,3227.55,4480.7,0,0,0,0,21-FEB-2022,
OPTIDX,NIFTY,26-Jun-2025,17000,CE,0,0,0,3405.1,3959.4,0,0,0,0,21-FEB-2022,
OPTIDX,NIFTY,26-Jun-2025,18000,CE,0,0,0,3623.45,3488.55,0,0,0,0,21-FEB-2022,
OPTIDX,NIFTY,26-Jun-2025,19000,CE,0,0,0,3077.9,3065.25,0,0,0,0,21-FEB-2022,
OPTIDX,NIFTY,26-Jun-2025,20000,CE,0,0,0,3180.85,2686.85,0,0,0,0,21-FEB-2022,
OPTIDX,NIFTY,26-Jun-2025,21000,CE,0,0,0,3199.45,2350.3,0,0,0,0,21-FEB-2022,
OPTIDX,NIFTY,26-Jun-2025,22000,CE,0,0,0,2088.15,2052.2,0,0,0,0,21-FEB-2022,
OPTIDX,NIFTY,26-Jun-2025,23000,CE,0,0,0,2003.65,1789.2,0,0,0,0,21-FEB-2022,
OPTIDX,NIFTY,26-Jun-2025,12000,PE,0,0,0,282.8,275.3,0,0,0,0,21-FEB-2022,
OPTIDX,NIFTY,26-Jun-2025,13000,PE,0,0,0,1025.6,426.7,0,0,0,0,21-FEB-2022,
OPTIDX,NIFTY,26-Jun-2025,14000,PE,0,0,0,645,624.6,0,0,625,0,21-FEB-2022,
OPTIDX,NIFTY,26-Jun-2025,15000,PE,0,0,0,540.05,870.75,0,0,1650,0,21-FEB-2022,
OPTIDX,NIFTY,26-Jun-2025,16000,PE,0,0,0,3530,1167.55,0,0,0,0,21-FEB-2022,
OPTIDX,NIFTY,26-Jun-2025,17000,PE,0,0,0,3497.35,1514.6,0,0,0,0,21-FEB-2022,
OPTIDX,NIFTY,26-Jun-2025,18000,PE,0,0,0,3586.15,1912.1,0,0,0,0,21-FEB-2022,
OPTIDX,NIFTY,26-Jun-2025,19000,PE,0,0,0,3210.95,2357.1,0,0,0,0,21-FEB-2022,
OPTIDX,NIFTY,26-Jun-2025,20000,PE,0,0,0,3156.05,2847.1,0,0,0,0,21-FEB-2022,
OPTIDX,NIFTY,26-Jun-2025,21000,PE,0,0,0,3070.85,3378.85,0,0,0,0,21-FEB-2022,
OPTIDX,NIFTY,26-Jun-2025,22000,PE,0,0,0,3957.4,3949.1,0,0,0,0,21-FEB-2022,
OPTIDX,NIFTY,26-Jun-2025,23000,PE,0,0,0,4327.05,4554.45,0,0,0,0,21-FEB-2022,
OPTIDX,NIFTY,24-Dec-2025,12000,CE,0,0,0,7328.65,7315.25,0,0,0,0,21-FEB-2022,
OPTIDX,NIFTY,24-Dec-2025,13000,CE,0,0,0,5873.4,6622.5,0,0,0,0,21-FEB-2022,
OPTIDX,NIFTY,24-Dec-2025,14000,CE,0,0,0,4562.55,5973.5,0,0,0,0,21-FEB-2022,
OPTIDX,NIFTY,24-Dec-2025,15000,CE,0,0,0,4179.8,5369.35,0,0,0,0,21-FEB-2022,
OPTIDX,NIFTY,24-Dec-2025,16000,CE,0,0,0,3830.6,4811.75,0,0,0,0,21-FEB-2022,
OPTIDX,NIFTY,24-Dec-2025,17000,CE,0,0,0,6230,4299.95,0,0,0,0,21-FEB-2022,
OPTIDX,NIFTY,24-Dec-2025,18000,CE,0,0,0,3000,3834.35,0,0,50,0,21-FEB-2022,
OPTIDX,NIFTY,24-Dec-2025,19000,CE,0,0,0,4000,3412.15,0,0,0,0,21-FEB-2022,
OPTIDX,NIFTY,24-Dec-2025,19500,CE,0,0,0,1230,3216.65,0,0,150,0,21-FEB-2022,
OPTIDX,NIFTY,24-Dec-2025,20000,CE,0,0,0,2000,3031.15,0,0,0,0,21-FEB-2022,
OPTIDX,NIFTY,24-Dec-2025,21000,CE,0,0,0,2499,2688.65,0,0,50,0,21-FEB-2022,
OPTIDX,NIFTY,24-Dec-2025,22000,CE,0,0,0,1000,2381.75,0,0,50,0,21-FEB-2022,
OPTIDX,NIFTY,24-Dec-2025,23000,CE,0,0,0,2326.6,2107.7,0,0,0,0,21-FEB-2022,
OPTIDX,NIFTY,24-Dec-2025,12000,PE,0,0,0,319.4,312.95,0,0,0,0,21-FEB-2022,
OPTIDX,NIFTY,24-Dec-2025,13000,PE,0,0,0,1080.7,470.55,0,0,0,0,21-FEB-2022,
OPTIDX,NIFTY,24-Dec-2025,14000,PE,0,0,0,2240.75,671.9,0,0,0,0,21-FEB-2022,
OPTIDX,NIFTY,24-Dec-2025,15000,PE,0,0,0,2690.9,918.1,0,0,0,0,21-FEB-2022,
OPTIDX,NIFTY,24-Dec-2025,16000,PE,0,0,0,674,1210.85,0,0,50,0,21-FEB-2022,
OPTIDX,NIFTY,24-Dec-2025,16500,PE,0,0,0,1675,1374.7,0,0,50,0,21-FEB-2022,
OPTIDX,NIFTY,24-Dec-2025,17000,PE,0,0,0,1269.65,1549.4,0,0,100,0,21-FEB-2022,
OPTIDX,NIFTY,24-Dec-2025,18000,PE,0,0,0,3605.05,1934.2,0,0,0,0,21-FEB-2022,
OPTIDX,NIFTY,24-Dec-2025,19000,PE,0,0,0,3217.4,2362.35,0,0,0,0,21-FEB-2022,
OPTIDX,NIFTY,24-Dec-2025,20000,PE,0,0,0,3161.6,2831.7,0,0,0,0,21-FEB-2022,
OPTIDX,NIFTY,24-Dec-2025,21000,PE,0,0,0,3071.9,3339.55,0,0,0,0,21-FEB-2022,
OPTIDX,NIFTY,24-Dec-2025,22000,PE,0,0,0,3894.15,3883.05,0,0,0,0,21-FEB-2022,
OPTIDX,NIFTY,24-Dec-2025,23000,PE,0,0,0,4249.5,4459.35,0,0,0,0,21-FEB-2022,
OPTIDX,NIFTY,25-Jun-2026,12000,CE,0,0,0,9500,7562.4,0,0,50,0,21-FEB-2022,
OPTIDX,NIFTY,25-Jun-2026,13000,CE,0,0,0,6127.95,6891.75,0,0,0,0,21-FEB-2022,
OPTIDX,NIFTY,25-Jun-2026,14000,CE,0,0,0,5657.55,6262.3,0,0,0,0,21-FEB-2022,
OPTIDX,NIFTY,25-Jun-2026,15000,CE,0,0,0,5184.4,5674.7,0,0,0,0,21-FEB-2022,
OPTIDX,NIFTY,25-Jun-2026,16000,CE,0,0,0,4748.3,5130.1,0,0,0,0,21-FEB-2022,
OPTIDX,NIFTY,25-Jun-2026,17000,CE,0,0,0,4348.25,4627.55,0,0,0,0,21-FEB-2022,
OPTIDX,NIFTY,25-Jun-2026,18000,CE,0,0,0,4577.7,4167.65,0,0,50,0,21-FEB-2022,
OPTIDX,NIFTY,25-Jun-2026,19000,CE,0,0,0,3691.65,3747.7,0,0,0,0,21-FEB-2022,
OPTIDX,NIFTY,25-Jun-2026,20000,CE,0,0,0,3829.5,3365.7,0,0,0,0,21-FEB-2022,
OPTIDX,NIFTY,25-Jun-2026,21000,CE,0,0,0,3881.9,3019.35,0,0,0,0,21-FEB-2022,
OPTIDX,NIFTY,25-Jun-2026,22000,CE,0,0,0,2722.55,2706.15,0,0,0,0,21-FEB-2022,
OPTIDX,NIFTY,25-Jun-2026,23000,CE,0,0,0,2645.65,2423.65,0,0,0,0,21-FEB-2022,
OPTIDX,NIFTY,25-Jun-2026,12000,PE,0,0,0,352.1,346.45,0,0,0,0,21-FEB-2022,
OPTIDX,NIFTY,25-Jun-2026,13000,PE,0,0,0,645,508.35,0,0,0,0,21-FEB-2022,
OPTIDX,NIFTY,25-Jun-2026,14000,PE,0,0,0,1453.7,711.45,0,0,0,0,21-FEB-2022,
OPTIDX,NIFTY,25-Jun-2026,15000,PE,535.05,710,535.05,540.05,956.4,5,38.93,650,100,21-FEB-2022,
OPTIDX,NIFTY,25-Jun-2026,16000,PE,0,0,0,2199.7,1244.4,0,0,0,0,21-FEB-2022,
OPTIDX,NIFTY,25-Jun-2026,17000,PE,0,0,0,2627.25,1574.4,0,0,0,0,21-FEB-2022,
OPTIDX,NIFTY,25-Jun-2026,18000,PE,0,0,0,3088.05,1947.05,0,0,0,0,21-FEB-2022,
OPTIDX,NIFTY,25-Jun-2026,19000,PE,0,0,0,3216.7,2359.65,0,0,0,0,21-FEB-2022,
OPTIDX,NIFTY,25-Jun-2026,20000,PE,0,0,0,3159.75,2810.2,0,0,0,0,21-FEB-2022,
OPTIDX,NIFTY,25-Jun-2026,21000,PE,0,0,0,3065.6,3296.4,0,0,0,0,21-FEB-2022,
OPTIDX,NIFTY,25-Jun-2026,22000,PE,0,0,0,3829.5,3815.8,0,0,0,0,21-FEB-2022,
OPTIDX,NIFTY,25-Jun-2026,23000,PE,0,0,0,4171.75,4365.85,0,0,0,0,21-FEB-2022,
OPTIDX,NIFTY,31-Dec-2026,12000,CE,0,0,0,7807.2,7808.5,0,0,0,0,21-FEB-2022,
OPTIDX,NIFTY,31-Dec-2026,13000,CE,0,0,0,7158.45,7158.75,0,0,0,0,21-FEB-2022,
OPTIDX,NIFTY,31-Dec-2026,14000,CE,0,0,0,6548.5,6547.8,0,0,0,0,21-FEB-2022,
OPTIDX,NIFTY,31-Dec-2026,15000,CE,0,0,0,5977.65,5975.85,0,0,0,0,21-FEB-2022,
OPTIDX,NIFTY,31-Dec-2026,16000,CE,0,0,0,5446.65,5443.85,0,0,0,0,21-FEB-2022,
OPTIDX,NIFTY,31-Dec-2026,17000,CE,0,0,0,4955.1,4951.4,0,0,0,0,21-FEB-2022,
OPTIDX,NIFTY,31-Dec-2026,18000,CE,0,0,0,4501.45,4496.85,0,0,0,0,21-FEB-2022,
OPTIDX,NIFTY,31-Dec-2026,19000,CE,0,0,0,4085.35,4080,0,0,0,0,21-FEB-2022,
OPTIDX,NIFTY,31-Dec-2026,20000,CE,0,0,0,3704.3,3698.3,0,0,0,0,21-FEB-2022,
OPTIDX,NIFTY,31-Dec-2026,21000,CE,0,0,0,3356.25,3349.7,0,0,0,0,21-FEB-2022,
OPTIDX,NIFTY,31-Dec-2026,22000,CE,0,0,0,3039,3032,0,0,0,0,21-FEB-2022,
OPTIDX,NIFTY,31-Dec-2026,23000,CE,600,600,600,600,2743.15,1,11.8,100,50,21-FEB-2022,
OPTIDX,NIFTY,31-Dec-2026,12000,PE,0,0,0,381.7,376.6,0,0,0,0,21-FEB-2022,
OPTIDX,NIFTY,31-Dec-2026,13000,PE,0,0,0,547.8,541.4,0,0,0,0,21-FEB-2022,
OPTIDX,NIFTY,31-Dec-2026,14000,PE,0,0,0,752.8,745,0,0,0,0,21-FEB-2022,
OPTIDX,NIFTY,31-Dec-2026,15000,PE,0,0,0,1549.95,987.65,0,0,500,0,21-FEB-2022,
OPTIDX,NIFTY,31-Dec-2026,16000,PE,0,0,0,1280.65,1270.25,0,0,0,0,21-FEB-2022,
OPTIDX,NIFTY,31-Dec-2026,17000,PE,0,0,0,1604,1592.3,0,0,0,0,21-FEB-2022,
OPTIDX,NIFTY,31-Dec-2026,18000,PE,0,0,0,1965.2,1952.35,0,0,0,0,21-FEB-2022,
OPTIDX,NIFTY,31-Dec-2026,19000,PE,0,0,0,2364,2350.05,0,0,0,0,21-FEB-2022,
OPTIDX,NIFTY,31-Dec-2026,20000,PE,0,0,0,2797.8,2782.9,0,0,0,0,21-FEB-2022,
OPTIDX,NIFTY,31-Dec-2026,21000,PE,0,0,0,3264.6,3248.85,0,0,0,0,21-FEB-2022,
OPTIDX,NIFTY,31-Dec-2026,22000,PE,0,0,0,3762.25,3745.75,0,0,0,0,21-FEB-2022,
OPTIDX,NIFTY,31-Dec-2026,23000,PE,0,0,0,4091.95,4271.4,0,0,0,0,21-FEB-2022,
